,velocity,vel_ori,density,den_ori,eta
0,0.0,0.0,2.355742788394488,-1.0,0.0
1,0.016621738569597474,-1.0,2.349895042652643,-1.0,0.002004008016032064
2,0.033346035347893675,-1.0,2.3440472969108175,-1.0,0.004008016032064128
3,0.050172081407858594,-1.0,2.3381995511689717,-1.0,0.0060120240480961915
4,0.06709906782246228,-1.0,2.3323518054271264,-1.0,0.008016032064128256
5,0.08412618566467471,-1.0,2.326504059685281,-1.0,0.01002004008016032
6,0.10125262600746587,-1.0,2.3206563139434158,-1.0,0.012024048096192383
7,0.11847757992380581,0.047830259243067275,2.3148085682015904,-1.0,0.014028056112224447
8,0.13580023848666456,-1.0,2.3089608224597447,-1.0,0.01603206412825651
9,0.15321979276901207,-1.0,2.3031130767178793,-1.0,0.018036072144288574
10,0.1707354338438184,-1.0,2.297265330976034,-1.0,0.02004008016032064
11,0.1883463527840535,-1.0,2.2914175852342087,-1.0,0.022044088176352703
12,0.2060517406626874,-1.0,2.2855698394923434,-1.0,0.024048096192384766
13,0.22385078855269017,0.21523616659380274,2.2797220937504976,-1.0,0.026052104208416832
14,0.24174268752703168,-1.0,2.2738743480086523,-1.0,0.028056112224448895
15,0.2597266286586821,-1.0,2.268026602266807,-1.0,0.03006012024048096
16,0.2778018030206113,-1.0,2.2621788565249816,-1.0,0.03206412825651302
17,0.2959230875205412,-1.0,2.2563311107831163,-1.0,0.03406813627254509
18,0.3140151238731914,-1.0,2.250483365041271,-1.0,0.03607214428857715
19,0.332104471605936,-1.0,2.2446379662390825,-1.0,0.038076152304609215
20,0.35022060706107033,0.38208590813938625,2.2388059495330994,-1.0,0.04008016032064128
21,0.36839300658088947,-1.0,2.23298642411512,-1.0,0.04208416833667334
22,0.38665114650768884,-1.0,2.227176683293247,-1.0,0.044088176352705406
23,0.40502450318376365,-1.0,2.2213740203755847,-1.0,0.04609218436873747
24,0.4235425529514089,-1.0,2.215575728670257,-1.0,0.04809619238476953
25,0.4422347721529202,-1.0,2.2097791014853674,-1.0,0.0501002004008016
26,0.46113063713059244,0.525576685868588,2.2039814321290194,-1.0,0.052104208416833664
27,0.48025962422672125,-1.0,2.1981800139093375,-1.0,0.05410821643286573
28,0.4996512097836015,-1.0,2.192372140134405,-1.0,0.05611222444889779
29,0.5193348701435286,-1.0,2.1865551041123856,-1.0,0.058116232464929855
30,0.5393400816487979,-1.0,2.1807261991513234,-1.0,0.06012024048096192
31,0.5596963206417043,-1.0,2.1748827185593615,-1.0,0.06212424849699398
32,0.5804330634645434,0.597322074733189,2.169021955644624,-1.0,0.06412825651302605
33,0.6015897682541443,-1.0,2.1631412037151754,-1.0,0.06613226452905811
34,0.6232112173640973,-1.0,2.157237756079198,-1.0,0.06813627254509018
35,0.6452737165904772,-1.0,2.1513089060447173,-1.0,0.07014028056112225
36,0.6677476942406229,-1.0,2.1453519469198956,-1.0,0.0721442885771543
37,0.6906035786218738,-1.0,2.139363974464867,-1.0,0.07414829659318636
38,0.7138117980415698,-1.0,2.133307834969816,-1.0,0.07615230460921843
39,0.73734278080705,0.7880869459003061,2.1271666120883834,-1.0,0.0781563126252505
40,0.7611669552256537,-1.0,2.120953608637913,-1.0,0.08016032064128256
41,0.7852547496047201,-1.0,2.1146821274357483,2.1126440239901494,0.08216432865731463
42,0.8095765922515893,-1.0,2.1083654712992543,-1.0,0.08416833667334668
43,0.8341029114736002,-1.0,2.1020169430458138,-1.0,0.08617234468937875
44,0.8588041355780922,-1.0,2.0956498454927415,-1.0,0.08817635270541081
45,0.8836506928724046,0.931577723629508,2.0892774814574104,-1.0,0.09018036072144288
46,0.9086130116638773,-1.0,2.0829131537571657,-1.0,0.09218436873747494
47,0.9336615202598495,-1.0,2.0765701652094,-1.0,0.09418837675350701
48,0.95876664696766,-1.0,2.0702618186314283,-1.0,0.09619238476953906
49,0.9840638030898801,-1.0,2.0640014168406235,-1.0,0.09819639278557113
50,1.0109127529937263,-1.0,2.057802262654331,-1.0,0.1002004008016032
51,1.0393418412456081,-1.0,2.051677658889923,-1.0,0.10220440881763526
52,1.0690030458301099,1.0272382421156423,2.0456409083647444,-1.0,0.10420841683366733
53,1.0995483447318144,-1.0,2.039705313896169,-1.0,0.1062124248496994
54,1.1306297159353058,-1.0,2.033884178301511,-1.0,0.10821643286573146
55,1.161899137425167,-1.0,2.0281908043981733,-1.0,0.11022044088176351
56,1.1930085871859826,-1.0,2.0226021691655935,-1.0,0.11222444889779558
57,1.2236100432023354,-1.0,2.0169919083493806,-1.0,0.11422845691382764
58,1.2533554834588094,1.146813890223311,2.011361910389249,-1.0,0.11623246492985971
59,1.2818968859399882,-1.0,2.005728207630903,-1.0,0.11823647294589178
60,1.3088862286304552,-1.0,2.0001068324200584,-1.0,0.12024048096192384
61,1.3339754895147937,-1.0,1.9945138171024388,-1.0,0.1222444889779559
62,1.356816646577588,-1.0,1.9889651940237694,-1.0,0.12424849699398796
63,1.3770616778034215,-1.0,1.983476995529765,-1.0,0.12625250501002003
64,1.394362561176877,-1.0,1.9780652539661305,-1.0,0.1282565130260521
65,1.408422063123845,1.4093241502550289,1.9727460016786105,-1.0,0.13026052104208416
66,1.420594485880522,-1.0,1.9675352710128995,-1.0,0.13226452905811623
67,1.4317076736203367,-1.0,1.9624490943147428,-1.0,0.1342685370741483
68,1.441884547351076,-1.0,1.9575035039298248,-1.0,0.13627254509018036
69,1.4512480280805289,-1.0,1.9527145322039001,1.9476841481443168,0.13827655310621242
70,1.459921036816484,-1.0,1.948098211482664,-1.0,0.1402805611222445
71,1.4680264945667296,1.4571544094980962,1.9436705741118507,-1.0,0.14228456913827653
72,1.4756873223390534,-1.0,1.9394476524371753,-1.0,0.1442885771543086
73,1.4830264411412437,-1.0,1.9354454788043525,-1.0,0.14629258517034066
74,1.4901667719810898,-1.0,1.9316800397673142,-1.0,0.14829659318637273
75,1.497231235866379,-1.0,1.9281555251666795,-1.0,0.1503006012024048
76,1.5043427538049001,-1.0,1.9248492080277588,-1.0,0.15230460921843686
77,1.511624246804441,1.4810695391196298,1.921734669516799,-1.0,0.15430861723446893
78,1.5191986358727902,-1.0,1.9187854908000979,-1.0,0.156312625250501
79,1.5271888420177362,-1.0,1.915975253043873,-1.0,0.15831663326653306
80,1.535717786247067,-1.0,1.9132775374144215,-1.0,0.16032064128256512
81,1.5449083934175876,-1.0,1.9106659250779912,-1.0,0.1623246492985972
82,1.5549078175154287,-1.0,1.9081139972008396,-1.0,0.16432865731462926
83,1.565684156676493,-1.0,1.905595334949244,-1.0,0.16633266533066132
84,1.577094796065766,1.6245603168488316,1.903083519489452,-1.0,0.16833667334669336
85,1.5889971208482354,-1.0,1.9005521319877212,-1.0,0.17034068136272543
86,1.601248516188888,-1.0,1.897974753610329,-1.0,0.1723446893787575
87,1.6137063672527099,-1.0,1.895324965523543,-1.0,0.17434869739478956
88,1.6262280592046885,-1.0,1.8925763488936005,-1.0,0.17635270541082163
89,1.6386709772098098,-1.0,1.889702484886789,-1.0,0.1783567134268537
90,1.650892506433061,1.672390576091899,1.8866769546693563,-1.0,0.18036072144288576
91,1.662750032039429,-1.0,1.8834733394075496,-1.0,0.18236472945891782
92,1.6741009391938997,-1.0,1.8800652202676664,-1.0,0.1843687374749499
93,1.6848026130614606,-1.0,1.8764513883181209,-1.0,0.18637274549098196
94,1.6947124388070989,-1.0,1.8726938319970068,-1.0,0.18837675350701402
95,1.7036878015958001,-1.0,1.868799453622731,-1.0,0.1903807615230461
96,1.7115860865925514,-1.0,1.8647706997563946,-1.0,0.19238476953907813
97,1.7182646789623397,1.7196646695298143,1.8606100169591584,-1.0,0.1943887775551102
98,1.7240205915878213,-1.0,1.8563198517921435,-1.0,0.19639278557114226
99,1.7296532268633313,-1.0,1.851902650816461,-1.0,0.19839679358717432
100,1.7351588495442716,-1.0,1.847360860593262,1.847840012763979,0.2004008016032064
101,1.7405099249521927,-1.0,1.8426969276836673,-1.0,0.20240480961923846
102,1.7456789184086476,-1.0,1.8379132986488182,-1.0,0.20440881763527052
103,1.7506382952351862,1.7435797991513478,1.8330124200498255,-1.0,0.2064128256513026
104,1.7553605207533616,-1.0,1.8279967384478502,-1.0,0.20841683366733466
105,1.7598180602847242,-1.0,1.8228687004039834,-1.0,0.21042084168336672
106,1.7639833791508253,-1.0,1.8176307524793762,-1.0,0.2124248496993988
107,1.767828942673217,-1.0,1.8122853412351696,-1.0,0.21442885771543085
108,1.7713272161734508,-1.0,1.8068349132324646,-1.0,0.21643286573146292
109,1.774450664973078,-1.0,1.801281915032432,-1.0,0.21843687374749496
110,1.77717175439365,1.7674949287728816,1.7956287931961534,-1.0,0.22044088176352702
111,1.779462949756719,-1.0,1.7898680152405173,-1.0,0.2224448897795591
112,1.781296716383835,-1.0,1.7837634258619954,-1.0,0.22444889779559116
113,1.7826455195965512,-1.0,1.7772501505999723,-1.0,0.22645290581162322
114,1.783573953891123,-1.0,1.7703763515002129,-1.0,0.2284569138276553
115,1.7844299648087705,-1.0,1.7631901906084828,-1.0,0.23046092184368736
116,1.7852477832727214,1.791410058394415,1.7557398299705071,-1.0,0.23246492985971942
117,1.7860247759072683,-1.0,1.7480734316320814,-1.0,0.2344689378757515
118,1.7867583093367057,-1.0,1.740239157638931,-1.0,0.23647294589178355
119,1.787445750185327,-1.0,1.7322851700368207,-1.0,0.23847695390781562
120,1.788084465077425,-1.0,1.7242596308715064,-1.0,0.24048096192384769
121,1.7886718206372942,-1.0,1.7162107021887432,-1.0,0.24248496993987975
122,1.7892051834892275,1.791410058394415,1.7081865460342964,-1.0,0.2444889779559118
123,1.7896819202575178,-1.0,1.7002353244539015,-1.0,0.24649298597194386
124,1.7900993975664592,-1.0,1.6924051994933238,-1.0,0.24849699398797592
125,1.7904549820403455,-1.0,1.6847443331983383,-1.0,0.250501002004008
126,1.790746040303469,-1.0,1.6773008876146704,-1.0,0.25250501002004005
127,1.7909699389801246,-1.0,1.6701230247880856,-1.0,0.2545090180360721
128,1.7911240446946046,-1.0,1.6632589067643593,-1.0,0.2565130260521042
129,1.7912057240712032,1.791410058394415,1.6567566955892166,-1.0,0.25851703406813625
130,1.791167454905729,-1.0,1.6505813409586185,-1.0,0.2605210420841683
131,1.7906369986399286,-1.0,1.644561107415358,-1.0,0.2625250501002004
132,1.7895853321895474,-1.0,1.6386785464624747,-1.0,0.26452905811623245
133,1.7880788211407153,-1.0,1.6329230023267651,1.6278935116362354,0.2665330661322645
134,1.7861838310795608,-1.0,1.627283819235036,-1.0,0.2685370741482966
135,1.7839667275922146,1.7674949287728816,1.6217503414141439,-1.0,0.27054108216432865
136,1.781493876264806,-1.0,1.6163119130908457,-1.0,0.2725450901803607
137,1.778831642683465,-1.0,1.6109578784919873,-1.0,0.2745490981963928
138,1.7760463924343206,-1.0,1.6056775818443663,-1.0,0.27655310621242485
139,1.773204491103503,-1.0,1.6004603673747988,-1.0,0.2785571142284569
140,1.7703723042771413,-1.0,1.5952955793101313,-1.0,0.280561122244489
141,1.7676161975413656,-1.0,1.5901725618771305,-1.0,0.282565130260521
142,1.7650025364823057,1.7435797991513478,1.5850806593026334,-1.0,0.28456913827655306
143,1.7625976866860904,-1.0,1.5800092158134464,-1.0,0.2865731462925851
144,1.76046801373885,-1.0,1.574947575636376,-1.0,0.2885771543086172
145,1.7586798832267145,-1.0,1.5698850829982591,-1.0,0.29058116232464926
146,1.7572920945839425,-1.0,1.564811082125892,-1.0,0.2925851703406813
147,1.7561289457085887,-1.0,1.5597149172460916,-1.0,0.2945891783567134
148,1.7550796585927653,1.7674949287728816,1.5545911461314732,-1.0,0.29659318637274545
149,1.7541275353957726,-1.0,1.54950745362561,-1.0,0.2985971943887775
150,1.75325587827691,-1.0,1.5444821068179841,-1.0,0.3006012024048096
151,1.7524479893954779,-1.0,1.539507865470615,-1.0,0.30260521042084165
152,1.751687170910775,-1.0,1.534577489345461,-1.0,0.3046092184368737
153,1.7509567249821019,-1.0,1.529683738204521,-1.0,0.3066132264529058
154,1.7502399537687574,1.7435797991513478,1.5248193718097744,-1.0,0.30861723446893785
155,1.7495201594300422,-1.0,1.51997714992322,-1.0,0.3106212424849699
156,1.7487806441252556,-1.0,1.5151498323068364,-1.0,0.312625250501002
157,1.748004710013697,-1.0,1.5103301787226127,-1.0,0.31462925851703405
158,1.7471756592546666,-1.0,1.505510948932538,-1.0,0.3166332665330661
159,1.746276794007463,-1.0,1.5006849026985811,-1.0,0.3186372745490982
160,1.7452914164313877,-1.0,1.4958447997827606,-1.0,0.32064128256513025
161,1.7442028286857392,1.7435797991513478,1.490983399947036,-1.0,0.3226452905811623
162,1.7429943236421728,-1.0,1.486093462953406,-1.0,0.3246492985971944
163,1.7416131364901966,-1.0,1.4811677485638592,1.480297833247884,0.32665330661322645
164,1.7400332301247654,-1.0,1.4761990165403749,-1.0,0.3286573146292585
165,1.7382743369097349,-1.0,1.471180026644952,-1.0,0.3306613226452906
166,1.7363561892089627,-1.0,1.466103538639569,-1.0,0.33266533066132264
167,1.7342985193863067,1.7196646695298143,1.4609742914448338,-1.0,0.33466933867735466
168,1.7321210598056234,-1.0,1.4558111769326916,-1.0,0.3366733466933867
169,1.72984354283077,-1.0,1.4506165141521004,-1.0,0.3386773547094188
170,1.7274857008256037,-1.0,1.445392278166382,-1.0,0.34068136272545085
171,1.7250672661539814,-1.0,1.4401404440388186,-1.0,0.3426853707414829
172,1.7226079711797613,-1.0,1.4348629868327025,-1.0,0.344689378757515
173,1.7201275482667993,-1.0,1.429561881611346,-1.0,0.34669338677354705
174,1.7176457297789536,1.7196646695298143,1.424239103438011,-1.0,0.3486973947895791
175,1.7151822480800805,-1.0,1.4188966273760002,-1.0,0.3507014028056112
176,1.712756835534038,-1.0,1.4135364284886052,-1.0,0.35270541082164325
177,1.7103892245046823,-1.0,1.4081604818391287,-1.0,0.3547094188376753
178,1.7080991473558715,-1.0,1.4027707624908623,-1.0,0.3567134268537074
179,1.7059091133292565,-1.0,1.397369245507079,-1.0,0.35871743486973945
180,1.7038204916219293,1.6963057057134323,1.3919579059510803,-1.0,0.3607214428857715
181,1.7018101656610898,-1.0,1.3865387188861686,-1.0,0.3627254509018036
182,1.6998546361583562,-1.0,1.3811136593756361,-1.0,0.36472945891783565
183,1.6979304038253462,-1.0,1.3756847024827452,-1.0,0.3667334669338677
184,1.6960139693736775,-1.0,1.370253823270828,-1.0,0.3687374749498998
185,1.694081833514967,-1.0,1.3648226171809077,-1.0,0.37074148296593185
186,1.6921104969608332,-1.0,1.3593882873652914,-1.0,0.3727454909819639
187,1.6900764604228935,1.672390576091899,1.353948800345715,-1.0,0.374749498997996
188,1.6879562246127648,-1.0,1.3485028649552155,-1.0,0.37675350701402804
189,1.6857262902420662,-1.0,1.3430491900268806,-1.0,0.3787575150300601
190,1.6833631580224138,-1.0,1.3375864843937482,-1.0,0.3807615230460922
191,1.6808433286654259,-1.0,1.3321134568888953,-1.0,0.38276553106212424
192,1.67814330288272,-1.0,1.3266288163453892,-1.0,0.38476953907815625
193,1.6752395813859138,1.672390576091899,1.321131271596258,-1.0,0.3867735470941883
194,1.672108664886625,-1.0,1.3156195314746089,-1.0,0.3887775551102204
195,1.6686108259465926,-1.0,1.3100923048134692,-1.0,0.39078156312625245
196,1.6643270519665714,-1.0,1.3045483004459166,-1.0,0.3927855711422845
197,1.6593066991685121,-1.0,1.2989862272050285,-1.0,0.3947895791583166
198,1.6536464395950652,-1.0,1.2934047939238325,-1.0,0.39679358717434865
199,1.6474429452888821,1.6245603168488316,1.2878027094353959,-1.0,0.3987975951903807
200,1.6407928882926142,-1.0,1.282178682572806,-1.0,0.4008016032064128
201,1.6337929406489127,-1.0,1.2765314221691109,-1.0,0.40280561122244485
202,1.626539774400429,-1.0,1.2708596370573677,-1.0,0.4048096192384769
203,1.6191300615898145,-1.0,1.2651620360706537,-1.0,0.406813627254509
204,1.6116604742597207,-1.0,1.2594436376530525,-1.0,0.40881763527054105
205,1.604227684452798,-1.0,1.253711491792053,-1.0,0.4108216432865731
206,1.5969283642116987,1.6006451872272978,1.2479643322280183,-1.0,0.4128256513026052
207,1.5898591855790734,-1.0,1.2422008530256685,-1.0,0.41482965931863724
208,1.5831168205975743,-1.0,1.2364197482497044,-1.0,0.4168336673346693
209,1.5767979413098514,-1.0,1.2306197119648463,-1.0,0.4188376753507014
210,1.5709992197585567,-1.0,1.2247994382358052,-1.0,0.42084168336673344
211,1.5657821503803708,-1.0,1.218957621127291,-1.0,0.4228456913827655
212,1.5609019599338612,1.5528149279842307,1.2130929547040148,-1.0,0.4248496993987976
213,1.5562636294041767,-1.0,1.2072041330306866,-1.0,0.42685370741482964
214,1.5518320792640572,-1.0,1.2012898501720175,-1.0,0.4288577154308617
215,1.547572229986243,-1.0,1.1953488001927277,-1.0,0.4308617234468938
216,1.5434490020434741,-1.0,1.1893796771575178,-1.0,0.43286573146292584
217,1.5394273159084906,-1.0,1.1833811751310983,-1.0,0.4348697394789579
218,1.5354720920540323,-1.0,1.1773519881781898,-1.0,0.4368737474949899
219,1.5315482509528393,1.5288997983626968,1.1712908103635027,-1.0,0.438877755511022
220,1.527620713077652,-1.0,1.1651963357517476,-1.0,0.44088176352705405
221,1.5236543989012097,-1.0,1.1590672584076152,-1.0,0.4428857715430861
222,1.5196142288962526,-1.0,1.152908714037925,-1.0,0.4448897795591182
223,1.5154651235355212,-1.0,1.1467612012415975,-1.0,0.44689378757515025
224,1.5111720032917555,-1.0,1.140624600331416,-1.0,0.4488977955911823
225,1.5066997886376952,1.5049846687411634,1.1344899200348149,-1.0,0.4509018036072144
226,1.5020134000460799,-1.0,1.128348169079208,-1.0,0.45290581162324645
227,1.4970785950470513,-1.0,1.1221903561920499,-1.0,0.4549098196392785
228,1.4918978056714491,-1.0,1.1160074901007648,-1.0,0.4569138276553106
229,1.4864987276118342,-1.0,1.1097905795327867,-1.0,0.45891783567134264
230,1.4809045547097996,-1.0,1.10353063321557,-1.0,0.4609218436873747
231,1.4751384808069412,-1.0,1.097218659876509,-1.0,0.4629258517034068
232,1.4692236997448522,1.4571544094980962,1.0908456682430676,-1.0,0.46492985971943884
233,1.4631834053651271,-1.0,1.0844026670426705,-1.0,0.4669338677354709
234,1.4570407915093608,-1.0,1.0778806650027415,-1.0,0.468937875751503
235,1.4508190520191473,-1.0,1.071270670850745,-1.0,0.47094188376753504
236,1.444541380736081,-1.0,1.0645636933140752,-1.0,0.4729458917835671
237,1.4382309715017563,-1.0,1.057750741120196,1.053427979085498,0.4749498997995992
238,1.4319110181577677,1.4332392798765623,1.0508228229965224,-1.0,0.47695390781563124
239,1.4256047145457098,-1.0,1.0437709476705082,-1.0,0.4789579158316633
240,1.4193352545071765,-1.0,1.0365861236434752,-1.0,0.48096192384769537
241,1.4131258318837618,-1.0,1.0292488426083455,-1.0,0.48296593186372744
242,1.4069996405170613,-1.0,1.0217520817597736,-1.0,0.4849699398797595
243,1.400979850154685,-1.0,1.014105247796027,-1.0,0.48697394789579157
244,1.395035139147437,1.385409020633495,1.0063177474153533,-1.0,0.4889779559118236
245,1.3891191391753637,-1.0,0.9983989873160201,-1.0,0.49098196392785565
246,1.3832261635733842,-1.0,0.9903583741962847,-1.0,0.4929859719438877
247,1.3773505256764176,-1.0,0.9822053147544049,-1.0,0.4949899799599198
248,1.371486538819382,-1.0,0.9739492156886579,-1.0,0.49699398797595185
249,1.3656285163371973,-1.0,0.9655994836972814,-1.0,0.4989979959919839
250,1.359770771564781,-1.0,0.9571655254785629,-1.0,0.501002004008016
251,1.3539076178370526,1.337578761390428,0.94865674773073,-1.0,0.503006012024048
252,1.3480333684889307,-1.0,0.94008255715205,-1.0,0.5050100200400801
253,1.3421423368553345,-1.0,0.9314523604408006,-1.0,0.5070140280561122
254,1.3362288362711818,-1.0,0.9227755642952392,-1.0,0.5090180360721442
255,1.3302871800713922,-1.0,0.9140615754136134,-1.0,0.5110220440881763
256,1.3243116815908842,-1.0,0.9053198004941907,-1.0,0.5130260521042084
257,1.3182966541645764,1.3136636317688943,0.8965596462352187,-1.0,0.5150300601202404
258,1.3122364111273879,-1.0,0.8877905193349747,-1.0,0.5170340681362725
259,1.306125265814237,-1.0,0.8789955207850709,-1.0,0.5190380761523046
260,1.2998957719467281,-1.0,0.8700542175609334,-1.0,0.5210420841683366
261,1.2934510256912213,-1.0,0.8609664213183538,-1.0,0.5230460921843687
262,1.2868293584056119,-1.0,0.8517509232649909,-1.0,0.5250501002004008
263,1.2800721599637217,-1.0,0.8424265146084734,-1.0,0.5270541082164328
264,1.2732208202393727,1.265833372525827,0.8330119865564498,-1.0,0.5290581162324649
265,1.2663167291063866,-1.0,0.8235261303165388,-1.0,0.531062124248497
266,1.2594012764385858,-1.0,0.8139877370964388,-1.0,0.533066132264529
267,1.2525158521097917,-1.0,0.8044155981037486,-1.0,0.5350701402805611
268,1.2457018459938267,-1.0,0.7948285045461069,-1.0,0.5370741482965932
269,1.2390006479645128,-1.0,0.785245247631172,-1.0,0.5390781563126252
270,1.2324536478956714,1.2185592790879116,0.7756846185665828,-1.0,0.5410821643286573
271,1.2261022356611249,-1.0,0.7661654085599778,-1.0,0.5430861723446894
272,1.219987801134695,-1.0,0.7567064088189956,-1.0,0.5450901803607214
273,1.2141517341902037,-1.0,0.7473264105512849,-1.0,0.5470941883767535
274,1.208635424701473,-1.0,0.7380442049644943,-1.0,0.5490981963927856
275,1.203480262542325,-1.0,0.7288785832662623,-1.0,0.5511022044088176
276,1.1987082218982945,-1.0,0.7198483366642175,-1.0,0.5531062124248497
277,1.1942517945892872,1.194644149466378,0.7109713649208065,-1.0,0.5551102204408818
278,1.190065496643895,-1.0,0.7021136395370061,-1.0,0.5571142284569138
279,1.1861088885692117,-1.0,0.69318542333055,-1.0,0.5591182364729459
280,1.1823415308723306,-1.0,0.6842104613188167,-1.0,0.561122244488978
281,1.1787229840603457,-1.0,0.6752124985192249,-1.0,0.56312625250501
282,1.175212808640351,-1.0,0.6662152799491731,-1.0,0.565130260521042
283,1.17177056511944,1.146813890223311,0.6572425506260499,-1.0,0.567134268537074
284,1.168355814004707,-1.0,0.6483180555672737,-1.0,0.5691382765531061
285,1.1649281158032454,-1.0,0.6394655397902334,-1.0,0.5711422845691382
286,1.161447031022149,-1.0,0.6307087483123273,-1.0,0.5731462925851702
287,1.1578721201685118,-1.0,0.622071426150964,-1.0,0.5751503006012023
288,1.1541629437494274,-1.0,0.6135773183235422,-1.0,0.5771543086172344
289,1.1502790622719896,1.146813890223311,0.6052501698474505,-1.0,0.5791583166332664
290,1.1461800362432921,-1.0,0.5971137257400975,-1.0,0.5811623246492985
291,1.1418254261704293,-1.0,0.5891917310188716,-1.0,0.5831663326653306
292,1.1371783735857446,-1.0,0.5815079307012013,-1.0,0.5851703406813626
293,1.1322498426183354,-1.0,0.5740860698044655,-1.0,0.5871743486973947
294,1.1270675552955243,-1.0,0.5669498933460626,-1.0,0.5891783567134268
295,1.1216563600491916,-1.0,0.5601231463433912,-1.0,0.5911823647294588
296,1.1160411053112174,1.0989836309802437,0.5535784516949248,-1.0,0.5931863727454909
297,1.1102466395134816,-1.0,0.5471370879357829,-1.0,0.595190380761523
298,1.104297811087865,-1.0,0.5407878273674662,-1.0,0.597194388777555
299,1.0982194684662474,-1.0,0.5345381880639917,-1.0,0.5991983967935871
300,1.0920364600805097,-1.0,0.5283956880993962,-1.0,0.6012024048096192
301,1.085773634362531,-1.0,0.5223678455477165,-1.0,0.6032064128256512
302,1.0794558397441925,1.0989836309802437,0.5164621784830097,-1.0,0.6052104208416833
303,1.0731079246573743,-1.0,0.5106862049793124,-1.0,0.6072144288577154
304,1.066754737533956,-1.0,0.5050474431106714,-1.0,0.6092184368737474
305,1.0604211268058188,-1.0,0.4995534109511039,-1.0,0.6112224448897795
306,1.0541319409048422,-1.0,0.49421162657467654,-1.0,0.6132264529058116
307,1.0479120282629064,-1.0,0.48902960805542617,-1.0,0.6152304609218436
308,1.0417815722528205,-1.0,0.48401487346735983,-1.0,0.6172344689378757
309,1.0356403304372928,1.0272382421156423,0.47917494088458407,-1.0,0.6192384769539078
310,1.0294446137391788,-1.0,0.4745173283810761,-1.0,0.6212424849699398
311,1.0232021831073848,-1.0,0.4700495540309026,0.4659392984416592,0.6232464929859719
312,1.0169207994908158,-1.0,0.46577913590811043,-1.0,0.625250501002004
313,1.0106082238383787,-1.0,0.4617135920867365,-1.0,0.627254509018036
314,1.0042722170989786,-1.0,0.45785939186277946,-1.0,0.6292585170340681
315,0.997920540221522,0.9794079828725752,0.4541683403297274,-1.0,0.6312625250501002
316,0.9915609541549142,-1.0,0.45060588716596867,-1.0,0.6332665330661322
317,0.9852012198480619,-1.0,0.4471650254198606,-1.0,0.6352705410821643
318,0.9788490982498703,-1.0,0.44383874813969065,-1.0,0.6372745490981964
319,0.972512350309246,-1.0,0.4406200483738361,-1.0,0.6392785571142284
320,0.9661987369750943,-1.0,0.4375019191706045,-1.0,0.6412825651302605
321,0.9599160191963215,-1.0,0.43447735357835304,-1.0,0.6432865731462926
322,0.9536719579218333,0.9554928532510416,0.4315393446454192,-1.0,0.6452905811623246
323,0.9474743141005356,-1.0,0.42868088542011035,-1.0,0.6472945891783567
324,0.9413309067220518,-1.0,0.4258949689507939,-1.0,0.6492985971943888
325,0.9353104646363795,-1.0,0.42317458828577714,-1.0,0.6513026052104208
326,0.9294478033886601,-1.0,0.42051273647341747,-1.0,0.6533066132264529
327,0.9237111186973297,-1.0,0.41790240656204236,-1.0,0.655310621242485
328,0.9180686062808249,0.9076625940079744,0.4153365915999791,-1.0,0.657314629258517
329,0.912488461857582,-1.0,0.4128082846355751,-1.0,0.6593186372745491
330,0.9069388811460375,-1.0,0.41031047871717774,-1.0,0.6613226452905812
331,0.9013880598646278,-1.0,0.40783616689308444,-1.0,0.6633266533066132
332,0.895804193731789,-1.0,0.4053783422116625,-1.0,0.6653306613226453
333,0.8901554784659577,-1.0,0.40294484260527036,-1.0,0.6673346693386772
334,0.8844101097855704,0.8837474643864408,0.4005729037505246,-1.0,0.6693386773547093
335,0.8785362834090632,-1.0,0.3982601910669393,-1.0,0.6713426853707414
336,0.8725021950548726,-1.0,0.3960016195694946,-1.0,0.6733466933867734
337,0.8662760404414351,-1.0,0.3937921042731213,-1.0,0.6753507014028055
338,0.8598260152871868,-1.0,0.3916265601928096,-1.0,0.6773547094188376
339,0.8531203153105644,-1.0,0.38949990234354015,-1.0,0.6793587174348696
340,0.8461271362300039,-1.0,0.3874070457402533,-1.0,0.6813627254509017
341,0.8387926679856765,0.8359172051433733,0.3853429053979495,-1.0,0.6833667334669338
342,0.8310800540556934,-1.0,0.38330239633156926,-1.0,0.6853707414829658
343,0.8230201114703903,-1.0,0.3812804335560731,-1.0,0.6873747494989979
344,0.8146448618701405,-1.0,0.3792719320864713,-1.0,0.68937875751503
345,0.805986326895317,-1.0,0.3772718069376945,-1.0,0.691382765531062
346,0.7970765281862932,-1.0,0.37527497312473307,-1.0,0.6933867735470941
347,0.7879474873834414,0.7880869459003061,0.3732763456625275,-1.0,0.6953907815631262
348,0.7786312261271353,-1.0,0.3712708395660782,-1.0,0.6973947895791582
349,0.7691597660577473,-1.0,0.3692533698503357,-1.0,0.6993987975951903
350,0.7595651288156515,-1.0,0.3672188515302604,-1.0,0.7014028056112224
351,0.7498793360412204,-1.0,0.36516402696283884,-1.0,0.7034068136272544
352,0.7401344093748269,-1.0,0.36312807493876986,-1.0,0.7054108216432865
353,0.7303623704568445,-1.0,0.36112447774913364,-1.0,0.7074148296593186
354,0.720595240927646,0.7168977228408573,0.35914768000498165,-1.0,0.7094188376753506
355,0.7108650424276046,-1.0,0.3571921263173554,-1.0,0.7114228456913827
356,0.7012037965970934,-1.0,0.3552522612972765,-1.0,0.7134268537074148
357,0.6915497901130853,-1.0,0.35332252955581633,-1.0,0.7154308617234468
358,0.6816023670815679,-1.0,0.3513973757039666,-1.0,0.7174348697394789
359,0.671383754140331,-1.0,0.34947124435280874,-1.0,0.719438877755511
360,0.6609481655041836,0.6451523339762563,0.3475385801133543,-1.0,0.721442885771543
361,0.6503498153879345,-1.0,0.3455938275966548,-1.0,0.7234468937875751
362,0.6396429180063921,-1.0,0.34363143141374175,-1.0,0.7254509018036072
363,0.6288816875743655,-1.0,0.3416458361756767,-1.0,0.7274549098196392
364,0.6181203383066634,-1.0,0.3396314864934612,-1.0,0.7294589178356713
365,0.6074130844180946,-1.0,0.3375828269781568,-1.0,0.7314629258517034
366,0.5968141401234679,-1.0,0.33549430224080495,-1.0,0.7334669338677354
367,0.586377719637592,0.597322074733189,0.3333603568924272,-1.0,0.7354709418837675
368,0.5761580371752758,-1.0,0.3311754355440852,-1.0,0.7374749498997996
369,0.566209306951328,-1.0,0.3289339828067903,-1.0,0.7394789579158316
370,0.5565857431805573,-1.0,0.32664896263490084,-1.0,0.7414829659318637
371,0.5473415600777727,-1.0,0.32435613715204736,-1.0,0.7434869739478958
372,0.5385309718577829,-1.0,0.32205113494098003,-1.0,0.7454909819639278
373,0.5301756468033431,0.525576685868588,0.31972802994032534,-1.0,0.7474949899799599
374,0.5220525456115117,-1.0,0.31738089608866016,-1.0,0.749498997995992
375,0.5141049564173146,-1.0,0.31500380732462097,-1.0,0.751503006012024
376,0.5063281218187391,-1.0,0.3125908375868045,-1.0,0.7535070140280561
377,0.4987172844137725,-1.0,0.3101360608137876,-1.0,0.7555110220440882
378,0.49126768680040245,-1.0,0.3076335509442166,-1.0,0.7575150300601202
379,0.483974571576616,0.4777464266255208,0.3050773819166885,-1.0,0.7595190380761523
380,0.4768331813404006,-1.0,0.30246162766976986,-1.0,0.7615230460921844
381,0.4698387586897436,-1.0,0.2997803621421173,-1.0,0.7635270541082164
382,0.46298654622263247,-1.0,0.29702765927231745,-1.0,0.7655310621242485
383,0.4562717865370544,-1.0,0.29419759299896714,-1.0,0.7675350701402806
384,0.44968972223099724,-1.0,0.29128423726067293,-1.0,0.7695390781563125
385,0.4432355959024474,-1.0,0.28828166599605154,-1.0,0.7715430861723446
386,0.4369046501493928,0.4299161673824534,0.2851839531437096,0.28506224159318866,0.7735470941883766
387,0.43069212756982056,-1.0,0.2819851726422339,-1.0,0.7755511022044087
388,0.4245932707617183,-1.0,0.27867440523730186,-1.0,0.7775551102204408
389,0.41860271229205304,-1.0,0.27517916737903114,-1.0,0.7795591182364728
390,0.41270266242759496,-1.0,0.2714882532643985,-1.0,0.7815631262525049
391,0.4068885752739335,-1.0,0.2676157942414002,-1.0,0.783567134268537
392,0.40116300374428937,0.40600103776091984,0.2635759216580722,-1.0,0.785571142284569
393,0.3955285007518833,-1.0,0.25938276686241074,-1.0,0.7875751503006011
394,0.38998761920993574,-1.0,0.2550504612024419,-1.0,0.7895791583166332
395,0.3845429120316676,-1.0,0.2505931360261918,-1.0,0.7915831663326652
396,0.3791969321302996,-1.0,0.24602492268167656,-1.0,0.7935871743486973
397,0.3739522324190524,-1.0,0.24135995251689235,-1.0,0.7955911823647294
398,0.3688113658111467,-1.0,0.23661235687987525,-1.0,0.7975951903807614
399,0.36377688521980317,0.3581707785178526,0.23179626711862145,-1.0,0.7995991983967935
400,0.35885134355824255,-1.0,0.22692581458117697,-1.0,0.8016032064128256
401,0.35403729373968557,-1.0,0.22201513061554798,-1.0,0.8036072144288576
402,0.34933728867735286,-1.0,0.2170783465697406,-1.0,0.8056112224448897
403,0.3447538812844651,-1.0,0.21212959379177102,-1.0,0.8076152304609218
404,0.34028962447424305,-1.0,0.20718300362966527,-1.0,0.8096192384769538
405,0.3359470998212447,0.334255648896319,0.2022527074314395,-1.0,0.8116232464929859
406,0.33174727171952967,-1.0,0.19735283654509989,-1.0,0.813627254509018
407,0.3276956921033793,-1.0,0.19241375583304016,-1.0,0.81563126252505
408,0.323776229220196,-1.0,0.18731041872046425,-1.0,0.8176352705410821
409,0.31997275131738245,-1.0,0.18206279290656865,-1.0,0.8196392785571142
410,0.3162691266423409,-1.0,0.17669336072876102,-1.0,0.8216432865731462
411,0.31264922344247403,0.31034051927478534,0.171224604524449,-1.0,0.8236472945891783
412,0.3090969099651842,-1.0,0.16567900663107013,-1.0,0.8256513026052104
413,0.3055960544578739,-1.0,0.1600790493860122,-1.0,0.8276553106212424
414,0.30213052516794575,-1.0,0.1544472151267127,-1.0,0.8296593186372745
415,0.2986841903428021,-1.0,0.14880598619055938,-1.0,0.8316633266533066
416,0.2952409182298454,-1.0,0.14317784491498978,-1.0,0.8336673346693386
417,0.29178457707647826,-1.0,0.13758527363742157,-1.0,0.8356713426853707
418,0.2882990351301031,0.2864253896532517,0.13205075469527233,-1.0,0.8376753507014028
419,0.28476816063812227,-1.0,0.1265967704259298,-1.0,0.8396793587174348
420,0.2811758218479385,-1.0,0.12124580316683152,-1.0,0.8416833667334669
421,0.2775058870069541,-1.0,0.11602033525539514,-1.0,0.843687374749499
422,0.27375130177872,-1.0,0.11094284902901834,-1.0,0.845691382765531
423,0.26992860826483756,-1.0,0.10603582682512872,-1.0,0.8476953907815631
424,0.2660507981925522,0.2625102600317181,0.10132175098113391,-1.0,0.8496993987975952
425,0.2621306542182541,-1.0,0.09679396121392206,-1.0,0.8517034068136272
426,0.258180958998334,-1.0,0.09219888240432304,-1.0,0.8537074148296593
427,0.2542144951891821,-1.0,0.08750098153344327,-1.0,0.8557114228456913
428,0.250244045447189,-1.0,0.08273571764698572,-1.0,0.8577154308617234
429,0.24628239242874492,-1.0,0.07793854979059356,-1.0,0.8597194388777555
430,0.24234231879024049,-1.0,0.07314493700994981,-1.0,0.8617234468937875
431,0.238436607188066,0.21523616659380274,0.06839033835074751,-1.0,0.8637274549098196
432,0.23457804027861198,-1.0,0.06371021285860987,-1.0,0.8657314629258517
433,0.23077940071826863,-1.0,0.059140019579249824,-1.0,0.8677354709418837
434,0.22705347116342672,-1.0,0.05471521755830059,-1.0,0.8697394789579158
435,0.22341303427047635,-1.0,0.05047126584146514,-1.0,0.8717434869739479
436,0.21987087269580846,-1.0,0.04644362347439661,-1.0,0.8737474949899798
437,0.21643976909581272,0.21523616659380274,0.042667749502768054,-1.0,0.8757515030060119
438,0.2131001821839824,-1.0,0.03917910297225257,-1.0,0.877755511022044
439,0.20975038433263377,-1.0,0.03601314292852321,-1.0,0.879759519038076
440,0.2063941465503715,-1.0,0.03320532841725305,-1.0,0.8817635270541081
441,0.20304544111941947,-1.0,0.030791118484105193,-1.0,0.8837675350701402
442,0.19971824032200142,-1.0,0.02880597217474274,-1.0,0.8857715430861722
443,0.19642651644034123,-1.0,0.027285348534848736,-1.0,0.8877755511022043
444,0.19318424175666268,0.1913210369722691,0.02606217432773954,-1.0,0.8897795591182364
445,0.1900053885531896,-1.0,0.024886757179074324,-1.0,0.8917835671342684
446,0.18690392911214576,-1.0,0.023759479629471073,-1.0,0.8937875751503005
447,0.18389383571575513,-1.0,0.02268182222995216,-1.0,0.8957915831663326
448,0.18098908064624136,-1.0,0.021655265531490102,-1.0,0.8977955911823646
449,0.17820363618582838,-1.0,0.020681290085127226,-1.0,0.8997995991983967
450,0.1755514746167399,0.16740590735073546,0.019761376441846015,-1.0,0.9018036072144288
451,0.17304656822119982,-1.0,0.018897005152688787,-1.0,0.9038076152304608
452,0.17070288928143196,-1.0,0.018089656768638038,0.014470164547874458,0.9058116232464929
453,0.16853441007966008,-1.0,0.01734081184071614,-1.0,0.907815631262525
454,0.1665553760811057,-1.0,0.016651950919935495,-1.0,0.909819639278557
455,0.16476769507727615,-1.0,0.016024554557278598,-1.0,0.9118236472945891
456,0.163147062686089,0.16740590735073546,0.015460103303807704,-1.0,0.9138276553106212
457,0.1616666212918549,-1.0,0.014960077710485367,-1.0,0.9158316633266532
458,0.16029951327888442,-1.0,0.01452595832834393,-1.0,0.9178356713426853
459,0.15901888103148815,-1.0,0.014159225708385828,-1.0,0.9198396793587174
460,0.15779786693397674,-1.0,0.013861360401633434,-1.0,0.9218436873747494
461,0.1566096133706607,-1.0,0.013633842959079214,-1.0,0.9238476953907815
462,0.15542726272585075,-1.0,0.013471539100027184,-1.0,0.9258517034068136
463,0.15422395738385744,0.14349077772920182,0.013330095039751756,-1.0,0.9278557114228456
464,0.15297283972899134,-1.0,0.013200262344926364,-1.0,0.9298597194388777
465,0.15164705214556312,-1.0,0.013081132026374502,-1.0,0.9318637274549098
466,0.1502197370178833,-1.0,0.012971795094909689,-1.0,0.9338677354709418
467,0.14866403673026252,-1.0,0.012871342561385328,-1.0,0.9358717434869739
468,0.1469530936670114,-1.0,0.01277886543658503,-1.0,0.937875751503006
469,0.1450600502124405,0.14349077772920182,0.012693454731362198,-1.0,0.939879759519038
470,0.1429582525183301,-1.0,0.012614201456520382,-1.0,0.9418837675350701
471,0.14063344243201858,-1.0,0.012540196622893046,-1.0,0.9438877755511021
472,0.1380884535337291,-1.0,0.01247053124130368,-1.0,0.9458917835671342
473,0.13532707724044238,-1.0,0.012404296322585745,-1.0,0.9478957915831663
474,0.1323531049691393,-1.0,0.012340582877532823,-1.0,0.9498997995991983
475,0.1291703281368006,-1.0,0.012278481916998317,-1.0,0.9519038076152304
476,0.12578253816040708,-1.0,0.012217084451795746,-1.0,0.9539078156312625
477,0.12219352645693943,-1.0,0.012155481492758576,-1.0,0.9559118236472945
478,0.1184070844433785,-1.0,0.012092764050690354,-1.0,0.9579158316633266
479,0.11442700353670504,-1.0,0.012028023136424544,-1.0,0.9599198396793587
480,0.11025707515389986,-1.0,0.011960349909568508,-1.0,0.9619238476953907
481,0.10590109071194367,-1.0,0.011891262585158682,-1.0,0.9639278557114228
482,0.10136284162781731,-1.0,0.011822877415580297,-1.0,0.9659318637274549
483,0.09664611931850149,-1.0,0.01175529089529371,-1.0,0.9679358717434869
484,0.09175471520097708,-1.0,0.011688599518779222,-1.0,0.969939879759519
485,0.08669242069222474,-1.0,0.011622899780527099,-1.0,0.9719438877755511
486,0.08146302720922532,-1.0,0.0115582881749977,-1.0,0.9739478957915831
487,0.07607032616896003,-1.0,0.011494861196691263,-1.0,0.9759519038076151
488,0.07051810898840875,-1.0,0.011432715340048203,-1.0,0.9779559118236472
489,0.06481016708455269,-1.0,0.011371947099548823,-1.0,0.9799599198396792
490,0.05895029187437264,-1.0,0.011312652969703327,-1.0,0.9819639278557113
491,0.05294227477484935,-1.0,0.011254929444942165,-1.0,0.9839679358717434
492,0.046789907202963624,-1.0,0.011198873019775546,-1.0,0.9859719438877754
493,0.04049698057569621,-1.0,0.011144580188663827,-1.0,0.9879759519038075
494,0.034067286310027915,-1.0,0.011092147446067364,-1.0,0.9899799599198396
495,0.027504615822939477,-1.0,0.011041671286506337,-1.0,0.9919839679358716
496,0.020812760531411702,-1.0,0.010993248204401226,-1.0,0.9939879759519037
497,0.013995511852425351,-1.0,0.010946974694272204,-1.0,0.9959919839679358
498,0.007056661202961208,-1.0,0.010902947250569664,-1.0,0.9979959919839678
499,2.170786227148399e-17,-1.0,0.010860912597932405,-1.0,1.0
