,velocity,vel_ori,density,den_ori,eta
0,0.0,0.0,2.0542556943810304,-1.0,0.0
1,0.07576215370472467,-1.0,2.053677534626152,-1.0,0.002004008016032064
2,0.1502528533372726,-1.0,2.0530993748712647,-1.0,0.004008016032064128
3,0.22338251020170116,-1.0,2.052521215116382,-1.0,0.0060120240480961915
4,0.29506153560206766,-1.0,2.0519430553614995,-1.0,0.008016032064128256
5,0.3652003408424295,-1.0,2.051364895606617,-1.0,0.01002004008016032
6,0.4337093372268439,-1.0,2.050786735851734,-1.0,0.012024048096192383
7,0.5004989360593681,-1.0,2.0502085760968516,-1.0,0.014028056112224447
8,0.5654795486440598,-1.0,2.049630416341969,-1.0,0.01603206412825651
9,0.628561586284976,-1.0,2.0490522565870815,-1.0,0.018036072144288574
10,0.6896554602861742,-1.0,2.048474096832199,-1.0,0.02004008016032064
11,0.7486715819517117,-1.0,2.0478959370773158,-1.0,0.022044088176352703
12,0.8055203625856456,-1.0,2.047317777322433,-1.0,0.024048096192384766
13,0.8601122134920335,-1.0,2.0467396175675505,-1.0,0.026052104208416832
14,0.9123575459749328,-1.0,2.046161457812668,-1.0,0.028056112224448895
15,0.9621667713384006,-1.0,2.0455832980577804,-1.0,0.03006012024048096
16,1.0094503008864943,-1.0,2.0450051383028978,-1.0,0.03206412825651302
17,1.0541207943216244,-1.0,2.044426978548015,-1.0,0.03406813627254509
18,1.0977184542315197,-1.0,2.0438488187931325,-1.0,0.03607214428857715
19,1.1414271467504167,-1.0,2.04327065903825,-1.0,0.038076152304609215
20,1.184966774747701,-1.0,2.0426924992833624,-1.0,0.04008016032064128
21,1.2280572410927584,-1.0,2.042114339528484,-1.0,0.04208416833667334
22,1.2704184486549746,-1.0,2.0415361797736016,-1.0,0.044088176352705406
23,1.3117703003037346,-1.0,2.040958020018714,-1.0,0.04609218436873747
24,1.3518326989084248,-1.0,2.0403798602638363,-1.0,0.04809619238476953
25,1.3903255473384308,-1.0,2.039801700508949,-1.0,0.0501002004008016
26,1.426968748463138,-1.0,2.039223540754066,-1.0,0.052104208416833664
27,1.4614822051519323,-1.0,2.0386453809991836,-1.0,0.05410821643286573
28,1.493585820274199,-1.0,2.038067221244301,-1.0,0.05611222444889779
29,1.5229994966993243,-1.0,2.0374890614894183,-1.0,0.058116232464929855
30,1.5494431372966933,-1.0,2.036910901734531,-1.0,0.06012024048096192
31,1.5726366449356914,-1.0,2.0363327419796478,-1.0,0.06212424849699398
32,1.5922999224857057,-1.0,2.035754582224765,-1.0,0.06412825651302605
33,1.6081528728161198,-1.0,2.0351764224698825,-1.0,0.06613226452905811
34,1.6199261720460858,-1.0,2.034598262715,-1.0,0.06813627254509018
35,1.6295177667969634,-1.0,2.0340201029601173,-1.0,0.07014028056112225
36,1.6384969315660853,-1.0,2.0334419432052298,2.0330032027823766,0.0721442885771543
37,1.646891678556832,-1.0,2.032864136168311,-1.0,0.07414829659318636
38,1.6547300199725856,-1.0,2.0322948545284634,-1.0,0.07615230460921843
39,1.6620399680167273,1.6825234819876578,2.031737193678654,-1.0,0.0781563126252505
40,1.6688495348926382,-1.0,2.0311907138143797,-1.0,0.08016032064128256
41,1.6751867328037005,-1.0,2.030654975131105,-1.0,0.08216432865731463
42,1.6810795739532947,-1.0,2.030129537824321,-1.0,0.08416833667334668
43,1.6865560705448026,-1.0,2.029613962089499,-1.0,0.08617234468937875
44,1.6916442347816065,-1.0,2.029107808122129,-1.0,0.08817635270541081
45,1.6963720788670866,-1.0,2.0286106361176874,-1.0,0.09018036072144288
46,1.7007676150046254,-1.0,2.0281220062716496,-1.0,0.09218436873747494
47,1.7048588553976036,-1.0,2.0276414787795063,-1.0,0.09418837675350701
48,1.7086738122494025,1.7125179146304719,2.0271686138367335,-1.0,0.09619238476953906
49,1.7122404977634043,-1.0,2.026702971638807,-1.0,0.09819639278557113
50,1.7155869241429897,-1.0,2.0262441123812125,-1.0,0.1002004008016032
51,1.7187415478230417,-1.0,2.0257915962594306,-1.0,0.10220440881763526
52,1.7217668292868828,-1.0,2.025344983468942,-1.0,0.10420841683366733
53,1.7246902780948705,-1.0,2.024903834205223,-1.0,0.1062124248496994
54,1.7275086074500514,-1.0,2.024467708663759,-1.0,0.10821643286573146
55,1.7302185305554718,-1.0,2.0240361670400304,-1.0,0.11022044088176351
56,1.7328167606141793,-1.0,2.0236087695295133,-1.0,0.11222444889779558
57,1.7353000108292205,-1.0,2.0231850763276937,-1.0,0.11422845691382764
58,1.737664994403642,-1.0,2.0227646476300474,-1.0,0.11623246492985971
59,1.739908424540491,-1.0,2.0223470436320596,-1.0,0.11823647294589178
60,1.7420270144428143,-1.0,2.021931824529206,-1.0,0.12024048096192384
61,1.7440174773136585,-1.0,2.021518550516969,-1.0,0.1222444889779559
62,1.7458765263560707,-1.0,2.0211067817908366,-1.0,0.12424849699398796
63,1.7476008747730971,-1.0,2.020696078546277,-1.0,0.12625250501002003
64,1.749187235767786,1.7490474608711828,2.020286000978775,-1.0,0.1282565130260521
65,1.7506323225431826,-1.0,2.0198761092838162,-1.0,0.13026052104208416
66,1.7519328483023349,-1.0,2.019465963656872,-1.0,0.13226452905811623
67,1.7530855262482896,-1.0,2.0190551242934323,-1.0,0.1342685370741483
68,1.7540887740711903,-1.0,2.0186431513889733,-1.0,0.13627254509018036
69,1.7550311831622918,-1.0,2.0182296051389805,-1.0,0.13827655310621242
70,1.755960055060271,-1.0,2.0178140457389255,-1.0,0.1402805611222445
71,1.7568696077593202,-1.0,2.0173960333842933,-1.0,0.14228456913827653
72,1.7577540592536316,-1.0,2.016975128270565,-1.0,0.1442885771543086
73,1.7586076275373979,-1.0,2.0165508905932206,-1.0,0.14629258517034066
74,1.7594245306048113,-1.0,2.016122880547742,-1.0,0.14829659318637273
75,1.7601989864500636,-1.0,2.0156906583296093,-1.0,0.1503006012024048
76,1.760925213067347,1.762832592283151,2.0152537841342983,-1.0,0.15230460921843686
77,1.7615974284508538,-1.0,2.014811818157295,-1.0,0.15430861723446893
78,1.762209850594776,-1.0,2.01436432059408,-1.0,0.156312625250501
79,1.7627566974933064,-1.0,2.0139108516401345,-1.0,0.15831663326653306
80,1.7632321871406362,-1.0,2.0134509714909337,-1.0,0.16032064128256512
81,1.7636305375309587,-1.0,2.012984240341963,-1.0,0.1623246492985972
82,1.7639459666584654,-1.0,2.0125102183886994,-1.0,0.16432865731462926
83,1.7641726925173487,-1.0,2.0120284658266274,-1.0,0.16633266533066132
84,1.7643049331018008,-1.0,2.0115385428512287,-1.0,0.16833667334669336
85,1.7643367248663608,-1.0,2.0110400096579735,-1.0,0.17034068136272543
86,1.7642587924368558,-1.0,2.010532426442353,-1.0,0.1723446893787575
87,1.7640736043174607,-1.0,2.0100153533998473,-1.0,0.17434869739478956
88,1.763788325350981,1.7645639270835975,2.009488350725933,-1.0,0.17635270541082163
89,1.763410120380221,-1.0,2.00895097861609,-1.0,0.1783567134268537
90,1.7629461542479854,-1.0,2.0084027972658,-1.0,0.18036072144288576
91,1.7624035917970788,-1.0,2.007843366870548,-1.0,0.18236472945891782
92,1.7617895978703066,-1.0,2.007272247625805,-1.0,0.1843687374749499
93,1.7611113373104732,-1.0,2.0066889997270616,-1.0,0.18637274549098196
94,1.7603759749603833,-1.0,2.0060931833697895,-1.0,0.18837675350701402
95,1.759590675662842,-1.0,2.005484358749478,-1.0,0.1903807615230461
96,1.758762604260654,-1.0,2.0048620860616087,-1.0,0.19238476953907813
97,1.757898925596624,-1.0,2.0042259255016477,-1.0,0.1943887775551102
98,1.7570068045135567,-1.0,2.00357543726509,-1.0,0.19639278557114226
99,1.756093405854257,-1.0,2.002910181547407,-1.0,0.19839679358717432
100,1.7551658944615298,-1.0,2.0022297185440885,-1.0,0.2004008016032064
101,1.75423143517818,-1.0,2.001533608450606,-1.0,0.20240480961923846
102,1.753293293982867,-1.0,2.0008214114624456,-1.0,0.20440881763527052
103,1.7522580157529024,-1.0,2.0000926877750875,-1.0,0.2064128256513026
104,1.751089713353701,-1.0,1.9993469975840077,-1.0,0.20841683366733466
105,1.7497971064945488,-1.0,1.9985839010846917,-1.0,0.21042084168336672
106,1.7483889148847318,-1.0,1.9978029584726205,-1.0,0.2124248496993988
107,1.7468738582335366,-1.0,1.9970037299432697,-1.0,0.21442885771543085
108,1.7452606562502484,-1.0,1.9961857756921253,-1.0,0.21643286573146292
109,1.7435580286441543,1.7420898967848188,1.995348655914663,-1.0,0.21843687374749496
110,1.7417746951245399,-1.0,1.9944919308063682,-1.0,0.22044088176352702
111,1.7399193754006912,-1.0,1.9936151605627122,-1.0,0.2224448897795591
112,1.738000789181895,-1.0,1.9927179053791904,-1.0,0.22444889779559116
113,1.7360276561774364,-1.0,1.9917997254512736,-1.0,0.22645290581162322
114,1.7340086960966026,-1.0,1.990860180974438,-1.0,0.2284569138276553
115,1.7319526286486788,-1.0,1.9898988321441737,-1.0,0.23046092184368736
116,1.7298681735429517,-1.0,1.9889152391559617,-1.0,0.23246492985971942
117,1.7277640504887073,-1.0,1.9879089622052732,-1.0,0.2344689378757515
118,1.7256489791952312,-1.0,1.9868795614875983,-1.0,0.23647294589178355
119,1.7235276158654578,-1.0,1.985826597198413,1.9850209697322567,0.23847695390781562
120,1.7213286640573982,-1.0,1.9847400999174047,-1.0,0.24048096192384769
121,1.719028479258229,-1.0,1.9834113898259336,-1.0,0.24248496993987975
122,1.7166340199636676,-1.0,1.9817598885428849,-1.0,0.2444889779559118
123,1.7141522446694306,-1.0,1.9797915310256768,-1.0,0.24649298597194386
124,1.711590111871234,-1.0,1.9775122522317183,-1.0,0.24849699398797592
125,1.708954580064795,1.7077136992122033,1.9749279871184227,-1.0,0.250501002004008
126,1.7062526077458302,-1.0,1.9720446706432033,-1.0,0.25250501002004005
127,1.7034911534100556,-1.0,1.968868237763474,-1.0,0.2545090180360721
128,1.7006771755531884,-1.0,1.9654046234366433,-1.0,0.2565130260521042
129,1.6978176326709447,-1.0,1.9616597626201246,-1.0,0.25851703406813625
130,1.6949194832590417,-1.0,1.9576395902713315,-1.0,0.2605210420841683
131,1.6919896858131958,-1.0,1.9533500413476776,-1.0,0.2625250501002004
132,1.6890351988291228,-1.0,1.9487970508065713,-1.0,0.26452905811623245
133,1.6860629808025407,-1.0,1.943986553605436,-1.0,0.2665330661322645
134,1.6830799902291653,-1.0,1.9389244847016707,-1.0,0.2685370741482966
135,1.6800931856047123,-1.0,1.9336167790526935,-1.0,0.27054108216432865
136,1.677105302504764,-1.0,1.928069371615918,-1.0,0.2725450901803607
137,1.6740588038026125,-1.0,1.9222881973487531,-1.0,0.2745490981963928
138,1.6709395601271413,-1.0,1.916279191208612,-1.0,0.27655310621242485
139,1.667755521639393,-1.0,1.9100482881529133,-1.0,0.2785571142284569
140,1.664514638500408,-1.0,1.9036014231390606,-1.0,0.280561122244489
141,1.6612248608712283,-1.0,1.8969445311244721,-1.0,0.282565130260521
142,1.657894138912896,-1.0,1.8900835470665618,-1.0,0.28456913827655306
143,1.6545304227864526,-1.0,1.8830244059227381,-1.0,0.2865731462925851
144,1.6511416626529383,-1.0,1.8757730426504144,-1.0,0.2885771543086172
145,1.6477358086733955,-1.0,1.8683353922069994,-1.0,0.29058116232464926
146,1.644320811008866,-1.0,1.8607173895499116,-1.0,0.2925851703406813
147,1.6409046198203912,-1.0,1.8529249696365595,-1.0,0.2945891783567134
148,1.637495185269012,-1.0,1.8449640674243566,-1.0,0.29659318637274545
149,1.6341004575157703,-1.0,1.8368406178707215,-1.0,0.2985971943887775
150,1.6307283867217073,1.6285836862727383,1.8285605559330576,-1.0,0.3006012024048096
151,1.6273869230478655,-1.0,1.8201298165687836,-1.0,0.30260521042084165
152,1.624084016655285,-1.0,1.8115543347353031,-1.0,0.3046092184368737
153,1.6208283751058763,-1.0,1.8028400453900395,-1.0,0.3066132264529058
154,1.6176317129525706,-1.0,1.7939928834903964,-1.0,0.30861723446893785
155,1.6144875069324098,-1.0,1.785018783993797,-1.0,0.3106212424849699
156,1.611385109231669,-1.0,1.7759236818576405,-1.0,0.312625250501002
157,1.6083138720366246,-1.0,1.76671351203935,-1.0,0.31462925851703405
158,1.6052631475335526,-1.0,1.757394209496334,-1.0,0.3166332665330661
159,1.6022222879087284,-1.0,1.747971709186006,-1.0,0.3186372745490982
160,1.599180645348429,-1.0,1.7384519460657748,-1.0,0.32064128256513025
161,1.596127572038929,-1.0,1.7288408550930539,-1.0,0.3226452905811623
162,1.5930524201665053,-1.0,1.7191443712252616,-1.0,0.3246492985971944
163,1.5899445419174334,-1.0,1.709368429419802,-1.0,0.32665330661322645
164,1.586793289477989,-1.0,1.6995189646340976,-1.0,0.3286573146292585
165,1.5835880150344488,-1.0,1.6896019118255527,-1.0,0.3306613226452906
166,1.5803180707730877,-1.0,1.679623205951576,-1.0,0.33266533066132264
167,1.5769728088801824,-1.0,1.6695887819695907,-1.0,0.33466933867735466
168,1.5735415815420084,-1.0,1.6595045748370052,-1.0,0.3366733466933867
169,1.570013740944842,-1.0,1.6493765195112282,-1.0,0.3386773547094188
170,1.5663817179098454,-1.0,1.6392105509496784,-1.0,0.34068136272545085
171,1.5626695616013015,-1.0,1.6290126041097641,-1.0,0.3426853707414829
172,1.5588849448556352,1.5566928748588824,1.618788613948894,-1.0,0.344689378757515
173,1.5550280963821936,-1.0,1.6085445154244913,-1.0,0.34669338677354705
174,1.5510992448903242,-1.0,1.59828624349396,-1.0,0.3486973947895791
175,1.5470986190893754,-1.0,1.5880197331147134,-1.0,0.3507014028056112
176,1.5430264476886941,-1.0,1.5777509192441699,-1.0,0.35270541082164325
177,1.5388829593976279,-1.0,1.5674857368397335,-1.0,0.3547094188376753
178,1.5346683829255248,-1.0,1.5572301208588222,-1.0,0.3567134268537074
179,1.5303829469817323,-1.0,1.5469900062588497,-1.0,0.35871743486973945
180,1.526026880275598,-1.0,1.53677132799722,-1.0,0.3607214428857715
181,1.5216004115164694,-1.0,1.5265800210313512,-1.0,0.3627254509018036
182,1.5171037694136944,-1.0,1.5164220203186614,-1.0,0.36472945891783565
183,1.5125371826766199,-1.0,1.5063032608165599,-1.0,0.3667334669338677
184,1.5079008800145939,-1.0,1.49622967748245,-1.0,0.3687374749498998
185,1.5031950901369648,-1.0,1.48620720527375,-1.0,0.37074148296593185
186,1.498420041753079,-1.0,1.4762417791478788,-1.0,0.3727454909819639
187,1.4935668850256327,-1.0,1.4663393340622397,-1.0,0.374749498997996
188,1.4885636721910904,-1.0,1.4565058049742514,-1.0,0.37675350701402804
189,1.4834065186740726,-1.0,1.446747126841327,-1.0,0.3787575150300601
190,1.4781098074785182,-1.0,1.437069234620866,-1.0,0.3807615230460922
191,1.4726879216083675,-1.0,1.4274780632703008,-1.0,0.38276553106212424
192,1.46715524406756,-1.0,1.4179795477470256,-1.0,0.38476953907815625
193,1.4615261578600351,1.461732964333598,1.4085796230084637,-1.0,0.3867735470941883
194,1.4558150459897328,-1.0,1.3992842240120287,-1.0,0.3887775551102204
195,1.4500362914605929,-1.0,1.3900992857151244,-1.0,0.39078156312625245
196,1.4442042772765544,-1.0,1.381030743075169,-1.0,0.3927855711422845
197,1.4383333864415575,-1.0,1.372084531049576,-1.0,0.3947895791583166
198,1.432438001959542,-1.0,1.3632665845957541,-1.0,0.39679358717434865
199,1.4265325068344468,-1.0,1.3545828386711167,-1.0,0.3987975951903807
200,1.4206312840702124,-1.0,1.3460392282330778,1.3448691725400328,0.4008016032064128
201,1.414748716670778,-1.0,1.3375449632656273,-1.0,0.40280561122244485
202,1.4088991876400832,-1.0,1.3289430295620497,-1.0,0.4048096192384769
203,1.403097079982068,-1.0,1.3202340288068326,-1.0,0.406813627254509
204,1.3973503502513052,-1.0,1.3114210443514371,-1.0,0.40881763527054105
205,1.3916208062280335,-1.0,1.302507159547329,-1.0,0.4108216432865731
206,1.3858962117073803,-1.0,1.2934954577459639,-1.0,0.4128256513026052
207,1.3801724981735375,1.3735142042342217,1.2843890222987975,-1.0,0.41482965931863724
208,1.3744455971106948,-1.0,1.2751909365573004,-1.0,0.4168336673346693
209,1.3687114400030431,-1.0,1.265904283872924,-1.0,0.4188376753507014
210,1.3629659583347735,-1.0,1.2565321475971285,-1.0,0.42084168336673344
211,1.3572050835900762,-1.0,1.2470776110813797,-1.0,0.4228456913827655
212,1.3514247472531424,-1.0,1.2375437576771333,-1.0,0.4248496993987976
213,1.3456208808081627,-1.0,1.2279336707358504,-1.0,0.42685370741482964
214,1.3397894157393273,-1.0,1.2182504336089868,-1.0,0.4288577154308617
215,1.3339262835308277,-1.0,1.2084971296480078,-1.0,0.4308617234468938
216,1.3280274156668541,-1.0,1.1986768422043792,-1.0,0.43286573146292584
217,1.3220887436315976,-1.0,1.188792654629547,-1.0,0.4348697394789579
218,1.3161061989092484,-1.0,1.178847650274977,-1.0,0.4368737474949899
219,1.3100757129839977,-1.0,1.1688449124921347,-1.0,0.438877755511022
220,1.3039932173400361,-1.0,1.158787524632476,-1.0,0.44088176352705405
221,1.2978545333545566,-1.0,1.148678570047452,-1.0,0.4428857715430861
222,1.2916578457540377,-1.0,1.1385211320885378,-1.0,0.4448897795591182
223,1.2854064949324582,-1.0,1.1283182941071892,-1.0,0.44689378757515025
224,1.279104269726757,-1.0,1.1180731394548578,-1.0,0.4488977955911823
225,1.272754958973874,1.2727220744195022,1.1077887514830134,-1.0,0.4509018036072144
226,1.2663623515107487,-1.0,1.0974682135431169,-1.0,0.45290581162324645
227,1.2599302361743205,-1.0,1.0871146089866146,-1.0,0.4549098196392785
228,1.2534624018015292,-1.0,1.0767310211649768,-1.0,0.4569138276553106
229,1.2469626372293146,-1.0,1.0663205334296693,-1.0,0.45891783567134264
230,1.2404347312946158,-1.0,1.055886229132138,-1.0,0.4609218436873747
231,1.2338824728343725,-1.0,1.0454311916238537,-1.0,0.4629258517034068
232,1.2273096506855243,-1.0,1.034958504256272,-1.0,0.46492985971943884
233,1.2207200536850107,-1.0,1.0244712503808535,-1.0,0.4669338677354709
234,1.2141174706697715,-1.0,1.0139725133490594,-1.0,0.468937875751503
235,1.207505690476746,-1.0,1.00346537651235,-1.0,0.47094188376753504
236,1.200888501942874,-1.0,0.9929529232221813,-1.0,0.4729458917835671
237,1.194269693905095,-1.0,0.982438236830019,-1.0,0.4749498997995992
238,1.1876402457097255,-1.0,0.971924400687314,-1.0,0.47695390781563124
239,1.1809397699113962,-1.0,0.9614144981455368,-1.0,0.4789579158316633
240,1.174170409867151,-1.0,0.9509116125561384,-1.0,0.48096192384769537
241,1.1673444398148307,-1.0,0.9404188272705893,-1.0,0.48296593186372744
242,1.1604741339922762,-1.0,0.9299392256403405,-1.0,0.4849699398797595
243,1.1535717666373275,1.1491963432293029,0.9194758910168574,-1.0,0.48697394789579157
244,1.1466496119878262,-1.0,0.9090319067515962,-1.0,0.4889779559118236
245,1.1397199442816124,-1.0,0.8986103561960223,-1.0,0.49098196392785565
246,1.1327950377565268,-1.0,0.8882143227015867,-1.0,0.4929859719438877
247,1.12588716665041,-1.0,0.8778468896197551,-1.0,0.4949899799599198
248,1.119008605201103,-1.0,0.8675111403019881,-1.0,0.49699398797595185
249,1.112171627646446,-1.0,0.8572101580997465,-1.0,0.4989979959919839
250,1.1053885082242798,-1.0,0.8469470263644814,-1.0,0.501002004008016
251,1.0986715211724454,-1.0,0.836724828447668,-1.0,0.503006012024048
252,1.0920329407287834,-1.0,0.8265466477007525,-1.0,0.5050100200400801
253,1.0854850411311339,-1.0,0.8164155674752053,-1.0,0.5070140280561122
254,1.0790400966173381,-1.0,0.8063346711224775,-1.0,0.5090180360721442
255,1.0726951335710246,-1.0,0.7963070419940347,-1.0,0.5110220440881763
256,1.0663889273097658,-1.0,0.7863357634413375,-1.0,0.5130260521042084
257,1.060116026742456,-1.0,0.7764239188158418,-1.0,0.5150300601202404
258,1.053879283606835,-1.0,0.7665745914690084,-1.0,0.5170340681362725
259,1.047681549640642,-1.0,0.7567908647522982,-1.0,0.5190380761523046
260,1.041525676581616,-1.0,0.7470758220171764,-1.0,0.5210420841683366
261,1.0354145161674975,1.030528903229285,0.7374325466150943,-1.0,0.5230460921843687
262,1.0293509201360245,-1.0,0.7278641218975126,-1.0,0.5250501002004008
263,1.0233377402249377,-1.0,0.7183736312159017,-1.0,0.5270541082164328
264,1.0173778281719756,-1.0,0.7089641579217125,-1.0,0.5290581162324649
265,1.0114740357148777,-1.0,0.6996387853664012,-1.0,0.531062124248497
266,1.0056292145913839,-1.0,0.6904005969014428,-1.0,0.533066132264529
267,0.9998462165392328,-1.0,0.6812526758782788,-1.0,0.5350701402805611
268,0.9941278932961647,-1.0,0.6721981056483843,-1.0,0.5370741482965932
269,0.9884770965999179,-1.0,0.6632399695632105,-1.0,0.5390781563126252
270,0.9828966781882329,-1.0,0.6543813509742229,-1.0,0.5410821643286573
271,0.9773894897988484,-1.0,0.6456253332328774,-1.0,0.5430861723446894
272,0.9719545225489984,-1.0,0.6369749996906348,-1.0,0.5450901803607214
273,0.9665775978063924,-1.0,0.6284334336989557,-1.0,0.5470941883767535
274,0.9612561862072451,-1.0,0.6200037186093009,-1.0,0.5490981963927856
275,0.955989246719779,-1.0,0.6116889377731312,-1.0,0.5511022044088176
276,0.9507757383122151,-1.0,0.6034921745419072,-1.0,0.5531062124248497
277,0.9456146199527758,-1.0,0.59541651226708,-1.0,0.5551102204408818
278,0.9405048506096825,-1.0,0.5874650343001201,-1.0,0.5571142284569138
279,0.9354453892511574,-1.0,0.5796408239924833,-1.0,0.5591182364729459
280,0.930435194845422,-1.0,0.5719469646956302,-1.0,0.561122244488978
281,0.9254732263606977,-1.0,0.5643865397610218,-1.0,0.56312625250501
282,0.9205584427652072,-1.0,0.5569626325401187,-1.0,0.565130260521042
283,0.9156898030271712,-1.0,0.5496783263843767,-1.0,0.567134268537074
284,0.9108662661148123,-1.0,0.5425367046452616,-1.0,0.5691382765531061
285,0.9060867909963516,0.9055639620831327,0.5355408506742243,-1.0,0.5711422845691382
286,0.9013503366400115,-1.0,0.5286938478227351,-1.0,0.5731462925851702
287,0.8966558620140135,-1.0,0.5219987794422453,-1.0,0.5751503006012023
288,0.8920023260865793,-1.0,0.5154587288842251,-1.0,0.5771543086172344
289,0.8873990037719534,-1.0,0.5090767795001256,-1.0,0.5791583166332664
290,0.8828770508462208,-1.0,0.5028560146414102,-1.0,0.5811623246492985
291,0.8784305728923406,-1.0,0.49679951765953917,-1.0,0.5831663326653306
292,0.8740504475017985,-1.0,0.4909103719059712,-1.0,0.5851703406813626
293,0.8697275522660814,-1.0,0.48519166073216924,-1.0,0.5871743486973947
294,0.8654527647766755,-1.0,0.47964646748958933,-1.0,0.5891783567134268
295,0.8612169626250668,-1.0,0.47427787552969447,-1.0,0.5911823647294588
296,0.8570110234027424,-1.0,0.46908896820394064,-1.0,0.5931863727454909
297,0.8528258247011882,-1.0,0.46408282886378854,-1.0,0.595190380761523
298,0.8486522441118908,-1.0,0.4592625408607086,0.45859170520732895,0.597194388777555
299,0.8444811592263366,-1.0,0.4545747782218561,-1.0,0.5991983967935871
300,0.8403034476360121,-1.0,0.4499253315899206,-1.0,0.6012024048096192
301,0.8361099869324031,-1.0,0.4453124696968336,-1.0,0.6032064128256512
302,0.8318916547069968,-1.0,0.44073600397728463,-1.0,0.6052104208416833
303,0.8276393285512793,-1.0,0.43619574586595367,-1.0,0.6072144288577154
304,0.8233438860567366,-1.0,0.4316915067975301,-1.0,0.6092184368737474
305,0.8189962048148559,0.8164686119750661,0.42722309820669874,-1.0,0.6112224448897795
306,0.8145990109273272,-1.0,0.42279033152813705,-1.0,0.6132264529058116
307,0.8101838170060883,-1.0,0.4183930181965442,-1.0,0.6152304609218436
308,0.8057534348998536,-1.0,0.41403096964659514,-1.0,0.6172344689378757
309,0.8013083399098371,-1.0,0.40970399731297713,-1.0,0.6192384769539078
310,0.7968490073372515,-1.0,0.40541191263038207,-1.0,0.6212424849699398
311,0.7923759124833103,-1.0,0.401154527033485,-1.0,0.6232464929859719
312,0.7878895306492271,-1.0,0.39693165195697305,-1.0,0.625250501002004
313,0.7833903371362144,-1.0,0.3927430988355357,-1.0,0.627254509018036
314,0.7788788072454865,-1.0,0.3885886791038602,-1.0,0.6292585170340681
315,0.7743554162782561,-1.0,0.3844682041966214,-1.0,0.6312625250501002
316,0.7698206395357371,-1.0,0.3803814855485163,-1.0,0.6332665330661322
317,0.7652749523191422,-1.0,0.3763283345942222,-1.0,0.6352705410821643
318,0.7607188299296848,-1.0,0.3723085627684288,-1.0,0.6372745490981964
319,0.7561527476685785,-1.0,0.36832198150581813,-1.0,0.6392785571142284
320,0.7515771808370364,-1.0,0.3643684022410775,-1.0,0.6412825651302605
321,0.7469926047362722,-1.0,0.36044763640889166,-1.0,0.6432865731462926
322,0.7423994946674985,-1.0,0.3565594954439476,-1.0,0.6452905811623246
323,0.737798372614616,-1.0,0.35270379078092523,-1.0,0.6472945891783567
324,0.7331892912410712,-1.0,0.3488803338545165,-1.0,0.6492985971943888
325,0.728571640949933,-1.0,0.34508893609940133,-1.0,0.6513026052104208
326,0.7239447912436097,0.7224500757812425,0.3413294089502668,-1.0,0.6533066132264529
327,0.7193081116245102,-1.0,0.3376015638417976,-1.0,0.655310621242485
328,0.7146609715950437,-1.0,0.33390521220868336,-1.0,0.657314629258517
329,0.7100027406576177,-1.0,0.3302401654856014,-1.0,0.6593186372745491
330,0.705332788314642,-1.0,0.3266062351072438,-1.0,0.6613226452905812
331,0.7006504840685245,-1.0,0.3230032325082903,-1.0,0.6633266533066132
332,0.6959551974216744,-1.0,0.319430969123433,-1.0,0.6653306613226453
333,0.6912462978765002,-1.0,0.31588925638735166,-1.0,0.6673346693386772
334,0.6865231549354102,-1.0,0.31237790573473107,-1.0,0.6693386773547093
335,0.6817851381008136,-1.0,0.30889672860025824,-1.0,0.6713426853707414
336,0.6770316168751187,-1.0,0.30544553641862043,-1.0,0.6733466933867734
337,0.6722619607607345,-1.0,0.3020241406244998,-1.0,0.6753507014028055
338,0.6674755392600693,-1.0,0.298632352652586,-1.0,0.6773547094188376
339,0.6626717218755322,-1.0,0.2952699839375564,-1.0,0.6793587174348696
340,0.6578456411409013,-1.0,0.29193684591410296,-1.0,0.6813627254509017
341,0.6529887163612033,-1.0,0.288632750016908,-1.0,0.6833667334669338
342,0.6481037439763583,-1.0,0.2853575076806587,-1.0,0.6853707414829658
343,0.6431939721967397,-1.0,0.28211093034003726,-1.0,0.6873747494989979
344,0.6382626492327218,-1.0,0.2788928294297308,-1.0,0.68937875751503
345,0.6333130232946782,-1.0,0.2757030163844241,-1.0,0.691382765531062
346,0.6283483425929832,0.625726387260524,0.2725413026388042,-1.0,0.6933867735470941
347,0.6233718553380106,-1.0,0.2694074996275583,-1.0,0.6953907815631262
348,0.6183868097401342,-1.0,0.26630141878536134,-1.0,0.6973947895791582
349,0.6133964540097281,-1.0,0.2632228715469126,-1.0,0.6993987975951903
350,0.6084040363571658,-1.0,0.2601716693468847,-1.0,0.7014028056112224
351,0.603412804992822,-1.0,0.2571476236199695,-1.0,0.7034068136272544
352,0.5984260081270698,-1.0,0.2541505458008519,-1.0,0.7054108216432865
353,0.5934468939702838,-1.0,0.2511802473242164,-1.0,0.7074148296593186
354,0.5884787107328378,-1.0,0.2482365396247454,-1.0,0.7094188376753506
355,0.5835247066251052,-1.0,0.24531923413712842,-1.0,0.7114228456913827
356,0.5785881298574608,-1.0,0.24242814229605014,-1.0,0.7134268537074148
357,0.5736679998541706,-1.0,0.23956307553619288,-1.0,0.7154308617234468
358,0.5687564759352253,-1.0,0.23672384529224616,-1.0,0.7174348697394789
359,0.5638522015695178,-1.0,0.23391026299888987,-1.0,0.719438877755511
360,0.5589540562822246,-1.0,0.23112214009081594,-1.0,0.721442885771543
361,0.5540609195985213,-1.0,0.22835928800270425,-1.0,0.7234468937875751
362,0.5491716710435843,-1.0,0.2256215181692395,-1.0,0.7254509018036072
363,0.5442851901425895,0.5423442886096042,0.22290864202510885,-1.0,0.7274549098196392
364,0.5394003564207124,-1.0,0.2202204710050018,-1.0,0.7294589178356713
365,0.5345160494031298,-1.0,0.2175568165435958,-1.0,0.7314629258517034
366,0.529631148615017,-1.0,0.21491749007558042,-1.0,0.7334669338677354
367,0.5247445335815506,-1.0,0.21230230303564032,-1.0,0.7354709418837675
368,0.5198550838279061,-1.0,0.20971106685846028,-1.0,0.7374749498997996
369,0.5149616788792601,-1.0,0.20714359297872734,-1.0,0.7394789579158316
370,0.5100631982607883,-1.0,0.20459969283112625,-1.0,0.7414829659318637
371,0.5051585214976663,-1.0,0.20207917785033686,-1.0,0.7434869739478958
372,0.5002465281150709,-1.0,0.19958185947105114,-1.0,0.7454909819639278
373,0.4953260976381773,-1.0,0.1971075491279538,-1.0,0.7474949899799599
374,0.4903971257511533,0.4872575155208302,0.1946560582557223,-1.0,0.749498997995992
375,0.48546135273519714,-1.0,0.19222719828905338,-1.0,0.751503006012024
376,0.4805194994164288,-1.0,0.18982078066262698,-1.0,0.7535070140280561
377,0.4755722564699139,-1.0,0.18743661681112533,-1.0,0.7555110220440882
378,0.47062031457071807,-1.0,0.1850745181692356,-1.0,0.7575150300601202
379,0.4656643643939076,-1.0,0.18273429617164727,-1.0,0.7595190380761523
380,0.4607050966145484,-1.0,0.18041576225303785,-1.0,0.7615230460921844
381,0.4557432019077064,-1.0,0.1781187278480993,-1.0,0.7635270541082164
382,0.4507793709484473,-1.0,0.17584300439151385,-1.0,0.7655310621242485
383,0.44581429441183723,-1.0,0.17358840331796865,-1.0,0.7675350701402806
384,0.44084866297294223,-1.0,0.17135473606214602,-1.0,0.7695390781563125
385,0.4358831673068277,-1.0,0.16914181405873305,-1.0,0.7715430861723446
386,0.4309184980885601,-1.0,0.16694944874241446,-1.0,0.7735470941883766
387,0.425955345993205,-1.0,0.16477745154787493,-1.0,0.7755511022044087
388,0.4209944016958285,-1.0,0.16262563390979917,-1.0,0.7775551102204408
389,0.41603635587149645,0.4127590769938503,0.16049380726287435,-1.0,0.7795591182364728
390,0.41108189919527494,-1.0,0.15838178304178752,-1.0,0.7815631262525049
391,0.40611836791331274,-1.0,0.15628937268122103,-1.0,0.783567134268537
392,0.40112821332637644,-1.0,0.15421638761585713,-1.0,0.785571142284569
393,0.3961168812862534,-1.0,0.15216263928038778,-1.0,0.7875751503006011
394,0.39109009880167006,-1.0,0.15012793910949285,-1.0,0.7895791583166332
395,0.3860535928813545,-1.0,0.14811209853785948,-1.0,0.7915831663326652
396,0.3810130905340328,-1.0,0.14611492900017237,-1.0,0.7935871743486973
397,0.37597431876843296,-1.0,0.14413624193111862,-1.0,0.7955911823647294
398,0.3709430045932812,-1.0,0.14217584876538056,0.14204971133387392,0.7975951903807614
399,0.36592487501730536,-1.0,0.14022744092893574,-1.0,0.7995991983967935
400,0.36092565704923235,-1.0,0.13828323165667397,-1.0,0.8016032064128256
401,0.3559510776977887,-1.0,0.13634339278832838,-1.0,0.8036072144288576
402,0.3510068639717022,-1.0,0.13440812568436344,-1.0,0.8056112224448897
403,0.3460987428796994,-1.0,0.13247763170524127,-1.0,0.8076152304609218
404,0.3412324414305079,-1.0,0.1305521122114263,-1.0,0.8096192384769538
405,0.33641368663285415,-1.0,0.1286317685633806,-1.0,0.8116232464929859
406,0.3316482054954659,-1.0,0.12671680212156627,-1.0,0.813627254509018
407,0.32694172502707,-1.0,0.1248074142464502,-1.0,0.81563126252505
408,0.3222819817467441,-1.0,0.12290380629848963,-1.0,0.8176352705410821
409,0.3176469029859887,-1.0,0.12100617963815385,-1.0,0.8196392785571142
410,0.3130373539042017,-1.0,0.11911473562590014,-1.0,0.8216432865731462
411,0.3084543533215598,-1.0,0.11722967562220263,-1.0,0.8236472945891783
412,0.30389892005823876,-1.0,0.11535120098751371,-1.0,0.8256513026052104
413,0.2993720729344153,-1.0,0.1134795130823003,-1.0,0.8276553106212424
414,0.29487483077026516,-1.0,0.11161481326702445,-1.0,0.8296593186372745
415,0.29040821238596487,-1.0,0.10975730290215309,-1.0,0.8316633266533066
416,0.2859732366016906,0.2820160461989785,0.10790718334814585,-1.0,0.8336673346693386
417,0.28157092223761815,-1.0,0.10606465596546964,-1.0,0.8356713426853707
418,0.2772022881139244,-1.0,0.10422992211458171,-1.0,0.8376753507014028
419,0.2728683530507849,-1.0,0.10240318315595376,-1.0,0.8396793587174348
420,0.2685701358683764,-1.0,0.10058464045003822,-1.0,0.8416833667334669
421,0.2643086553868747,-1.0,0.09877449535730924,-1.0,0.843687374749499
422,0.26008493042645636,-1.0,0.09697294923822404,-1.0,0.845691382765531
423,0.25589997980729745,-1.0,0.09518020345324954,-1.0,0.8476953907815631
424,0.25175482234957397,-1.0,0.09339645936284297,-1.0,0.8496993987975952
425,0.24764953944356244,-1.0,0.09162191832747121,-1.0,0.8517034068136272
426,0.24358236926718488,-1.0,0.0898567817075988,-1.0,0.8537074148296593
427,0.2395517281245243,-1.0,0.08810125086368774,-1.0,0.8557114228456913
428,0.23555603370188913,-1.0,0.08635552715620498,-1.0,0.8577154308617234
429,0.23159370368558868,-1.0,0.08461981194560292,-1.0,0.8597194388777555
430,0.2276631557619317,-1.0,0.0828943065923581,-1.0,0.8617234468937875
431,0.22376280761722683,-1.0,0.08117921245692536,-1.0,0.8637274549098196
432,0.21989107693778348,-1.0,0.0794747308997716,-1.0,0.8657314629258517
433,0.21604638140991003,-1.0,0.07778106328135889,-1.0,0.8677354709418837
434,0.21222713871991586,-1.0,0.07609841096215171,-1.0,0.8697394789579158
435,0.2084317665541094,-1.0,0.07442697530260729,-1.0,0.8717434869739479
436,0.20465868259880002,-1.0,0.0727669576631998,-1.0,0.8737474949899798
437,0.20090630454029637,-1.0,0.07111855940438162,-1.0,0.8757515030060119
438,0.19717305006490712,-1.0,0.06948198188662452,-1.0,0.877755511022044
439,0.1934573368589416,-1.0,0.0678574264703857,-1.0,0.879759519038076
440,0.1897575826087084,0.18833289716829896,0.06624509451612966,-1.0,0.8817635270541081
441,0.18607220500051666,-1.0,0.06464518738432572,-1.0,0.8837675350701402
442,0.1823767882829826,-1.0,0.06305790643542868,-1.0,0.8857715430861722
443,0.17865375137369935,-1.0,0.06148345302990306,-1.0,0.8877755511022043
444,0.17491324854102785,-1.0,0.05992202852822057,-1.0,0.8897795591182364
445,0.17116543652076133,-1.0,0.058373834290836035,-1.0,0.8917835671342684
446,0.16742047204869237,-1.0,0.05683907167821394,-1.0,0.8937875751503005
447,0.1636885118606136,-1.0,0.055317942050818775,-1.0,0.8957915831663326
448,0.1599797126923182,-1.0,0.053810646769115025,-1.0,0.8977955911823646
449,0.15630423127959855,-1.0,0.052317387193564754,-1.0,0.8997995991983967
450,0.15267222435824795,-1.0,0.05083836468463003,-1.0,0.9018036072144288
451,0.14909384866405873,-1.0,0.04937378060277534,-1.0,0.9038076152304608
452,0.14557926093282408,-1.0,0.04792383630846518,-1.0,0.9058116232464929
453,0.14213861790033666,-1.0,0.046488733162159186,-1.0,0.907815631262525
454,0.1387820763023891,-1.0,0.04506867252432427,-1.0,0.909819639278557
455,0.13551979287477448,0.1343607092919942,0.04366385575542491,-1.0,0.9118236472945891
456,0.13236192435328534,-1.0,0.042274484215918354,-1.0,0.9138276553106212
457,0.1293186274737148,-1.0,0.04090075926627391,-1.0,0.9158316633266532
458,0.12640002017628416,-1.0,0.03954288226695364,-1.0,0.9178356713426853
459,0.12356348947512895,-1.0,0.038201054578417215,-1.0,0.9198396793587174
460,0.12076690993556158,-1.0,0.03687547756112911,-1.0,0.9218436873747494
461,0.11801308561755006,-1.0,0.035566352575553815,-1.0,0.9238476953907815
462,0.11530482058106269,-1.0,0.03427388098215822,-1.0,0.9258517034068136
463,0.11264491888606734,-1.0,0.032998264141397164,-1.0,0.9278557114228456
464,0.11003618459253237,-1.0,0.03173970341374236,-1.0,0.9298597194388777
465,0.10748142176042555,-1.0,0.03049840015964865,-1.0,0.9318637274549098
466,0.10498343444971527,-1.0,0.029274555739590164,-1.0,0.9338677354709418
467,0.10254502672036948,-1.0,0.028068371514019322,-1.0,0.9358717434869739
468,0.10016900263235613,-1.0,0.026880048843407844,-1.0,0.937875751503006
469,0.09785816624564357,-1.0,0.02570978908821298,-1.0,0.939879759519038
470,0.09561532162019964,-1.0,0.024557793608899203,-1.0,0.9418837675350701
471,0.09344327281599263,-1.0,0.023424263765933425,-1.0,0.9438877755511021
472,0.09134482389299048,-1.0,0.022309400919772876,-1.0,0.9458917835671342
473,0.08932277891116142,-1.0,0.021213406430886875,-1.0,0.9478957915831663
474,0.08737994193047334,-1.0,0.02013648165973749,-1.0,0.9498997995991983
475,0.08551945174223191,-1.0,0.01907882796678438,-1.0,0.9519038076152304
476,0.08382264958771345,-1.0,0.018040646712492024,-1.0,0.9539078156312625
477,0.0823267642480571,-1.0,0.01702213925732974,-1.0,0.9559118236472945
478,0.08099714551083145,-1.0,0.01602350696175235,-1.0,0.9579158316633266
479,0.07979914316360481,-1.0,0.015044951186226757,-1.0,0.9599198396793587
480,0.07869810699394572,-1.0,0.014086673291215027,-1.0,0.9619238476953907
481,0.0776593867894225,-1.0,0.013148874637184064,-1.0,0.9639278557114228
482,0.07664833233760367,-1.0,0.012231756584591101,-1.0,0.9659318637274549
483,0.07563029342605763,-1.0,0.011335520493907875,-1.0,0.9679358717434869
484,0.07457061984235276,-1.0,0.010460367725589207,-1.0,0.969939879759519
485,0.07343466137405757,-1.0,0.009606499640101995,-1.0,0.9719438877755511
486,0.07218776780874041,-1.0,0.008774117597908311,-1.0,0.9739478957915831
487,0.07079528893396982,-1.0,0.007963422959475056,-1.0,0.9759519038076151
488,0.06922257453731409,-1.0,0.007174617085261881,-1.0,0.9779559118236472
489,0.06743497440634182,-1.0,0.006407901335730858,-1.0,0.9799599198396792
490,0.06539783832862135,-1.0,0.005663477071348886,-1.0,0.9819639278557113
491,0.06307651609172099,0.06072780349323172,0.004941545652580451,-1.0,0.9839679358717434
492,0.06042385459033786,-1.0,0.004242308439882789,-1.0,0.9859719438877754
493,0.05613861243746409,-1.0,0.003565966793722804,-1.0,0.9879759519038075
494,0.04967459787519295,-1.0,0.002912722074564978,-1.0,0.9899799599198396
495,0.04146972693429882,-1.0,0.0022827756428713815,-1.0,0.9919839679358716
496,0.03196191564555769,-1.0,0.0016763288591040834,-1.0,0.9939879759519037
497,0.02158908003974424,-1.0,0.0010935830837275691,-1.0,0.9959919839679358
498,0.01078913614763291,-1.0,0.0005347396772039079,-1.0,0.9979959919839678
499,-4.918288209436821e-18,-1.0,0.0,-1.0,1.0
