,velocity,vel_ori,density,den_ori,eta
0,0.0,0.0,3.3797181238104748,-1.0,0.0
1,0.10393807848361818,-1.0,3.365202247307258,-1.0,0.002004008016032064
2,0.2060020903978194,-1.0,3.3506863708040413,-1.0,0.004008016032064128
3,0.3059164550274274,-1.0,3.3361704943008195,-1.0,0.0060120240480961915
4,0.403405591657266,-1.0,3.321654617797603,-1.0,0.008016032064128256
5,0.4981939195721589,-1.0,3.307138741294386,-1.0,0.01002004008016032
6,0.59000585805693,-1.0,3.292622864791167,-1.0,0.012024048096192383
7,0.6785658263964027,-1.0,3.27810698828795,-1.0,0.014028056112224447
8,0.7635982438754012,-1.0,3.2635911117847307,-1.0,0.01603206412825651
9,0.8448275297787491,-1.0,3.2490752352815115,-1.0,0.018036072144288574
10,0.9219781033912701,-1.0,3.2345593587782946,-1.0,0.02004008016032064
11,0.9947743839977877,-1.0,3.220043482275078,-1.0,0.022044088176352703
12,1.0629407908831263,-1.0,3.205527605771859,-1.0,0.024048096192384766
13,1.1262017433321092,-1.0,3.191011729268642,-1.0,0.026052104208416832
14,1.1842816606295605,-1.0,3.176495852765423,-1.0,0.028056112224448895
15,1.2369049620603039,-1.0,3.1619799762622036,-1.0,0.03006012024048096
16,1.2837960669091621,-1.0,3.1474640997589867,-1.0,0.03206412825651302
17,1.3251761785652099,-1.0,3.1329482232557697,-1.0,0.03406813627254509
18,1.3649678640612657,-1.0,3.1184323467525505,-1.0,0.03607214428857715
19,1.4039201065812306,-1.0,3.103916470249334,-1.0,0.038076152304609215
20,1.4418480088301262,-1.0,3.089400593746115,-1.0,0.04008016032064128
21,1.4785666735129734,-1.0,3.0748847172428957,-1.0,0.04208416833667334
22,1.5138912033347944,-1.0,3.0603688407396787,-1.0,0.044088176352705406
23,1.54763670100061,-1.0,3.045852964236462,-1.0,0.04609218436873747
24,1.579618269215442,-1.0,3.0313370877332426,-1.0,0.04809619238476953
25,1.6096510106843114,-1.0,3.0168212112300257,-1.0,0.0501002004008016
26,1.6375500281122397,-1.0,3.0023053347268065,-1.0,0.052104208416833664
27,1.6631304242042486,-1.0,2.98778945822359,-1.0,0.05410821643286573
28,1.686207301665359,-1.0,2.973273581720371,-1.0,0.05611222444889779
29,1.706595763200593,1.7303748146674727,2.958757705217154,-1.0,0.058116232464929855
30,1.7241109115149715,-1.0,2.944241828713937,-1.0,0.06012024048096192
31,1.7385678493135164,-1.0,2.9297259522107155,-1.0,0.06212424849699398
32,1.7497816793012482,-1.0,2.9152100757074986,-1.0,0.06412825651302605
33,1.7575675041831889,-1.0,2.9006941992042816,-1.0,0.06613226452905811
34,1.7628574419091387,-1.0,2.8861783227010624,-1.0,0.06813627254509018
35,1.767591956482272,-1.0,2.871662446197846,-1.0,0.07014028056112225
36,1.7718574827815579,-1.0,2.8571465696946268,-1.0,0.0721442885771543
37,1.7757021971059324,-1.0,2.842630693191407,-1.0,0.07414829659318636
38,1.7791742757543283,-1.0,2.8281148166881906,-1.0,0.07615230460921843
39,1.7823218950256823,-1.0,2.8135989401849737,-1.0,0.0781563126252505
40,1.7851932312189274,-1.0,2.7990830636817545,-1.0,0.08016032064128256
41,1.7878364606329993,-1.0,2.7845671871785354,-1.0,0.08216432865731463
42,1.790299759566832,-1.0,2.7700513106753184,-1.0,0.08416833667334668
43,1.7926313043193605,1.7971067581927649,2.755535434172102,-1.0,0.08617234468937875
44,1.7948792711895198,-1.0,2.7410195576688827,-1.0,0.08817635270541081
45,1.797091836476244,-1.0,2.7265036811656658,-1.0,0.09018036072144288
46,1.7993171764784686,-1.0,2.7119878046624466,-1.0,0.09218436873747494
47,1.8016034674951271,-1.0,2.6974719281592296,-1.0,0.09418837675350701
48,1.8039988858251554,-1.0,2.6829560516560105,-1.0,0.09619238476953906
49,1.806551607767487,-1.0,2.6684401751527935,-1.0,0.09819639278557113
50,1.8093012170968423,-1.0,2.6539242986495744,-1.0,0.1002004008016032
51,1.8121100738314286,-1.0,2.639408422146358,-1.0,0.10220440881763526
52,1.8149120292710956,-1.0,2.6248925456431387,-1.0,0.10420841683366733
53,1.8177035443070504,-1.0,2.610376669139919,-1.0,0.1062124248496994
54,1.8204810798304982,-1.0,2.5958607926367026,-1.0,0.10821643286573146
55,1.8232410967326464,-1.0,2.5813449161334856,-1.0,0.11022044088176351
56,1.825980055904702,1.8193507393678627,2.5668290396302664,-1.0,0.11222444889779558
57,1.8286944182378706,-1.0,2.5523131631270495,-1.0,0.11422845691382764
58,1.8313806446233594,-1.0,2.5377972866238303,-1.0,0.11623246492985971
59,1.8340351959523749,-1.0,2.523281410120611,-1.0,0.11823647294589178
60,1.8366545331161228,-1.0,2.5087655336173946,-1.0,0.12024048096192384
61,1.839235117005811,-1.0,2.4942496571141777,-1.0,0.1222444889779559
62,1.841773408512645,-1.0,2.4797337806109585,-1.0,0.12424849699398796
63,1.8442658685278315,-1.0,2.4652179041077416,-1.0,0.12625250501002003
64,1.8467089579425773,-1.0,2.4507020276045224,-1.0,0.1282565130260521
65,1.8490991376480892,-1.0,2.436186151101303,-1.0,0.13026052104208416
66,1.8514328685355725,-1.0,2.4216702745980863,-1.0,0.13226452905811623
67,1.8537611910574248,-1.0,2.4071543980948698,-1.0,0.1342685370741483
68,1.8562309977698737,-1.0,2.3926385215916506,-1.0,0.13627254509018036
69,1.858816145775765,-1.0,2.3781226450884336,-1.0,0.13827655310621242
70,1.8614783040604765,1.8635800507741611,2.3636067685852167,-1.0,0.1402805611222445
71,1.8641791416093874,-1.0,2.3490908920819975,-1.0,0.14228456913827653
72,1.8668803274078754,-1.0,2.3345750155787783,-1.0,0.1442885771543086
73,1.8695435304413195,-1.0,2.320059139075559,-1.0,0.14629258517034066
74,1.8721304196950979,-1.0,2.305543262572342,-1.0,0.14829659318637273
75,1.8746026641545888,-1.0,2.2910273860691257,-1.0,0.1503006012024048
76,1.8769219328051707,-1.0,2.2765115095659065,-1.0,0.15230460921843686
77,1.8790498946322227,-1.0,2.261995633062687,-1.0,0.15430861723446893
78,1.8809482186211226,-1.0,2.2474797565594704,-1.0,0.156312625250501
79,1.8825785737572482,-1.0,2.2329638800562535,-1.0,0.15831663326653306
80,1.8839026290259788,-1.0,2.2184480035530343,-1.0,0.16032064128256512
81,1.8848820534126924,-1.0,2.203932127049815,-1.0,0.1623246492985972
82,1.885478515902768,-1.0,2.189416250546598,-1.0,0.16432865731462926
83,1.8856562045973737,1.8858240319492587,2.1749003740433817,-1.0,0.16633266533066132
84,1.8856538890432841,-1.0,2.1603844975401625,-1.0,0.16833667334669336
85,1.8856477657973716,-1.0,2.145868621036943,-1.0,0.17034068136272543
86,1.8856378577923387,-1.0,2.1313528074647974,-1.0,0.1723446893787575
87,1.8856241879608895,-1.0,2.1168369251850496,-1.0,0.17434869739478956
88,1.8856067792357272,-1.0,2.102361358825381,2.094100894803759,0.17635270541082163
89,1.885585654549556,-1.0,2.087737834718933,-1.0,0.1783567134268537
90,1.8855608368350785,-1.0,2.0728933720149705,-1.0,0.18036072144288576
91,1.8855323490249987,-1.0,2.0576814499993543,-1.0,0.18236472945891782
92,1.8855002140520203,-1.0,2.042119181574804,-1.0,0.1843687374749499
93,1.8854644548488466,-1.0,2.026238333866451,-1.0,0.18637274549098196
94,1.885425094348181,-1.0,2.0100618233643996,-1.0,0.18837675350701402
95,1.8853821554827275,-1.0,1.9935981363461062,-1.0,0.1903807615230461
96,1.885335661185189,-1.0,1.9768800780552473,-1.0,0.19238476953907813
97,1.8852856343882696,1.8858240319492587,1.9599159730169202,-1.0,0.1943887775551102
98,1.8852320980246728,-1.0,1.9427297147428562,-1.0,0.19639278557114226
99,1.8851750750271017,-1.0,1.9253428510010746,-1.0,0.19839679358717432
100,1.8850569243826538,-1.0,1.907766019021034,-1.0,0.2004008016032064
101,1.8845814746415592,-1.0,1.8900298323216573,-1.0,0.20240480961923846
102,1.8837405374921101,-1.0,1.8721439757334564,-1.0,0.20440881763527052
103,1.8825740396623583,-1.0,1.854132268839888,-1.0,0.2064128256513026
104,1.881121907880356,-1.0,1.8360154025074034,-1.0,0.20841683366733466
105,1.8794240688741546,-1.0,1.8178052410433645,-1.0,0.21042084168336672
106,1.8775204493718063,-1.0,1.799531241695492,-1.0,0.2124248496993988
107,1.8754509761013638,-1.0,1.7812036927460317,-1.0,0.21442885771543085
108,1.8732555757908784,-1.0,1.76284656910449,-1.0,0.21643286573146292
109,1.8709741751684026,-1.0,1.744479988127217,-1.0,0.21843687374749496
110,1.8686467009619883,-1.0,1.7261163704725424,-1.0,0.22044088176352702
111,1.8663130798996872,1.8635800507741611,1.7077848510004536,-1.0,0.2224448897795591
112,1.8640132387095523,-1.0,1.6894956371008492,-1.0,0.22444889779559116
113,1.8617871041196339,-1.0,1.6712731782823809,-1.0,0.22645290581162322
114,1.8596746028579862,-1.0,1.6531371401467694,-1.0,0.2284569138276553
115,1.8577156616526598,-1.0,1.6350999572287324,-1.0,0.23046092184368736
116,1.855950207231707,-1.0,1.6171912163633582,-1.0,0.23246492985971942
117,1.8543501211332758,-1.0,1.599420323921538,-1.0,0.2344689378757515
118,1.852836643384021,-1.0,1.5818126525153255,-1.0,0.23647294589178355
119,1.851393537823354,-1.0,1.5643874066133114,-1.0,0.23847695390781562
120,1.8500047505285184,-1.0,1.5471565334905983,-1.0,0.24048096192384769
121,1.8486542275767592,-1.0,1.5301509063263736,-1.0,0.24248496993987975
122,1.8473259150453205,-1.0,1.5133782606698678,-1.0,0.2444889779559118
123,1.8460037590114469,-1.0,1.496865541967854,-1.0,0.24649298597194386
124,1.8446717055523838,1.8413360695990637,1.4806313522265966,-1.0,0.24849699398797592
125,1.8433137007453744,-1.0,1.4646866056567873,-1.0,0.250501002004008
126,1.8419136906676639,-1.0,1.4490645086509157,-1.0,0.25250501002004005
127,1.8404556213964969,-1.0,1.4337699323546926,-1.0,0.2545090180360721
128,1.8389234390091176,-1.0,1.418832387693675,-1.0,0.2565130260521042
129,1.8373010895827702,-1.0,1.4042695677630574,-1.0,0.25851703406813625
130,1.8355725191947,-1.0,1.390090629619798,-1.0,0.2605210420841683
131,1.8337216739221511,-1.0,1.3763326480566864,-1.0,0.2625250501002004
132,1.8317324998423679,-1.0,1.3629957684563154,-1.0,0.26452905811623245
133,1.8295803748791506,-1.0,1.3501137082488077,-1.0,0.2665330661322645
134,1.8271683562128138,-1.0,1.3377026991599679,-1.0,0.2685370741482966
135,1.824489578117279,-1.0,1.3257689362359024,-1.0,0.27054108216432865
136,1.8215647309314946,-1.0,1.3143560330283013,-1.0,0.2725450901803607
137,1.8184145049944083,-1.0,1.303456046179095,-1.0,0.2745490981963928
138,1.8150595906449685,1.8193507393678627,1.29310994241639,-1.0,0.27655310621242485
139,1.8115206782221227,-1.0,1.2833315433015127,-1.0,0.2785571142284569
140,1.8078184580648187,-1.0,1.2741214526117726,-1.0,0.280561122244489
141,1.803973620512005,-1.0,1.2655355961883514,-1.0,0.282565130260521
142,1.800006855902629,-1.0,1.257550504690761,-1.0,0.28456913827655306
143,1.795938854575639,-1.0,1.2502211005463237,-1.0,0.2865731462925851
144,1.7917903068699834,-1.0,1.2435574725184861,-1.0,0.2885771543086172
145,1.7875819031246092,-1.0,1.237546082106495,-1.0,0.29058116232464926
146,1.7833343336784646,-1.0,1.232273386083038,-1.0,0.2925851703406813
147,1.7790682888704976,-1.0,1.2276763741506276,-1.0,0.2945891783567134
148,1.7748044590396568,-1.0,1.2239298436540236,1.2217177751206296,0.29659318637274545
149,1.770563534524889,-1.0,1.220712173146386,-1.0,0.2985971943887775
150,1.7662991896117812,-1.0,1.2178515023096907,-1.0,0.3006012024048096
151,1.7618852283239856,-1.0,1.2151225657836777,-1.0,0.30260521042084165
152,1.7573305592279276,1.7526187958425703,1.2124785834505607,-1.0,0.3046092184368737
153,1.752648785107209,-1.0,1.2099387806599282,-1.0,0.3066132264529058
154,1.7478535087454312,-1.0,1.2074990011063294,-1.0,0.30861723446893785
155,1.7429583329261953,-1.0,1.2051557436566813,-1.0,0.3106212424849699
156,1.7379768604331023,-1.0,1.2029064494187727,-1.0,0.312625250501002
157,1.7329226940497546,-1.0,1.200746652224243,-1.0,0.31462925851703405
158,1.7278094365597525,-1.0,1.1986740350335794,-1.0,0.3166332665330661
159,1.7226506907466985,-1.0,1.1966845830888517,-1.0,0.3186372745490982
160,1.7174600593941929,-1.0,1.1947749813382633,-1.0,0.32064128256513025
161,1.7122511452858378,-1.0,1.192942235391138,-1.0,0.3226452905811623
162,1.7070375512052343,-1.0,1.191182417242545,-1.0,0.3246492985971944
163,1.7018328799359834,-1.0,1.189492710439059,-1.0,0.32665330661322645
164,1.6966507342616872,-1.0,1.1878693557777622,-1.0,0.3286573146292585
165,1.6915047169659465,-1.0,1.1863091685561973,-1.0,0.3306613226452906
166,1.6864090613363532,1.6861455032611736,1.184808703460321,-1.0,0.33266533066132264
167,1.6813882267212008,-1.0,1.1833646570336565,-1.0,0.33466933867735466
168,1.6764351675809648,-1.0,1.1819735829463325,-1.0,0.3366733466933867
169,1.6715305983467335,-1.0,1.1806321062062903,-1.0,0.3386773547094188
170,1.666655233449596,-1.0,1.1793370763943138,-1.0,0.34068136272545085
171,1.6617897873206404,-1.0,1.1780846396389542,-1.0,0.3426853707414829
172,1.656914974390956,-1.0,1.1768721411765466,-1.0,0.344689378757515
173,1.6520115090916312,-1.0,1.1756954304002318,-1.0,0.34669338677354705
174,1.6470601058537546,-1.0,1.174551623577428,-1.0,0.3486973947895791
175,1.6420414791084148,-1.0,1.1734374684252022,-1.0,0.3507014028056112
176,1.636936343286701,-1.0,1.1723488417260235,-1.0,0.35270541082164325
177,1.6317254128197014,-1.0,1.1712836261447572,-1.0,0.3547094188376753
178,1.6263894021385046,-1.0,1.1702370383594252,-1.0,0.3567134268537074
179,1.6209090256741996,1.6196722106797778,1.1692066947849118,-1.0,0.35871743486973945
180,1.615264997857875,-1.0,1.168189106836787,-1.0,0.3607214428857715
181,1.60943803312062,-1.0,1.1671801195695783,-1.0,0.3627254509018036
182,1.6034088458935218,-1.0,1.166177861652748,-1.0,0.36472945891783565
183,1.597125348046911,-1.0,1.1651772055360312,-1.0,0.3667334669338677
184,1.590474528106689,-1.0,1.1641760965908974,-1.0,0.3687374749498998
185,1.5834845580122134,-1.0,1.1631707681410894,-1.0,0.37074148296593185
186,1.576196085285112,-1.0,1.1621572798184427,-1.0,0.3727454909819639
187,1.5686497574470093,-1.0,1.1611336119028701,-1.0,0.374749498997996
188,1.5608862220195334,-1.0,1.1600947363162306,-1.0,0.37675350701402804
189,1.5529461265243094,-1.0,1.1590385933944303,-1.0,0.3787575150300601
190,1.5448701184829654,-1.0,1.1579612509648338,-1.0,0.3807615230460922
191,1.5366988454171264,-1.0,1.156859103516335,-1.0,0.38276553106212424
192,1.5284729548484197,-1.0,1.1557296703799782,-1.0,0.38476953907815625
193,1.5202330942984716,1.5087109557481861,1.154568421337787,-1.0,0.3867735470941883
194,1.512019911288908,-1.0,1.1533729463969702,-1.0,0.3887775551102204
195,1.5038740533413562,-1.0,1.1521393610553674,-1.0,0.39078156312625245
196,1.4958361679774421,-1.0,1.150864345635574,-1.0,0.3927855711422845
197,1.4879469027187924,-1.0,1.1495448471030463,-1.0,0.3947895791583166
198,1.4802469050870335,-1.0,1.1481770314185218,-1.0,0.39679358717434865
199,1.4727766685085606,-1.0,1.1467579289285137,-1.0,0.3987975951903807
200,1.46550511071629,-1.0,1.1452838936609264,-1.0,0.4008016032064128
201,1.4583707509229513,-1.0,1.143751756966355,-1.0,0.40280561122244485
202,1.4513518253326883,-1.0,1.1421579469304532,-1.0,0.4048096192384769
203,1.4444265701496442,-1.0,1.1404993303353435,-1.0,0.406813627254509
204,1.4375732215779629,-1.0,1.1387723254760935,-1.0,0.40881763527054105
205,1.4307700158217873,-1.0,1.1369736319643162,-1.0,0.4108216432865731
206,1.4239951890852611,-1.0,1.1351000997121383,-1.0,0.4128256513026052
207,1.4172269775725272,1.4199936819916925,1.1331477619762775,-1.0,0.41482965931863724
208,1.4104436174877304,-1.0,1.1311140862019011,-1.0,0.4168336673346693
209,1.4036233450350128,-1.0,1.1289949233374657,-1.0,0.4188376753507014
210,1.396744396418519,-1.0,1.1267873534909971,-1.0,0.42084168336673344
211,1.389785007842392,-1.0,1.124488147845263,-1.0,0.4228456913827655
212,1.3827234155107744,-1.0,1.1220930751900726,-1.0,0.4248496993987976
213,1.375537855627811,-1.0,1.1196033995039878,-1.0,0.42685370741482964
214,1.3682065643976447,-1.0,1.1170065325362475,-1.0,0.4288577154308617
215,1.360707778024419,-1.0,1.1143117884445448,1.1140568217575093,0.4308617234468938
216,1.3530070528032505,-1.0,1.1113247908049122,-1.0,0.43286573146292584
217,1.3450208074117234,-1.0,1.107840285232134,-1.0,0.4348697394789579
218,1.3367714745541646,-1.0,1.103895578327825,-1.0,0.4368737474949899
219,1.3282999689330846,-1.0,1.099445895386402,-1.0,0.438877755511022
220,1.3196472052509924,-1.0,1.09454873457186,-1.0,0.44088176352705405
221,1.3108540982103967,1.3090324270601013,1.0892038255481153,-1.0,0.4428857715430861
222,1.301961562513807,-1.0,1.083412541194623,-1.0,0.4448897795591182
223,1.2930105128637324,-1.0,1.0772154007511434,-1.0,0.44689378757515025
224,1.2840418639626832,-1.0,1.0705977487843452,-1.0,0.4488977955911823
225,1.2750965305131672,-1.0,1.0635943992895394,-1.0,0.4509018036072144
226,1.2662154272176944,-1.0,1.0562106809083118,-1.0,0.45290581162324645
227,1.257439468778774,-1.0,1.0484528089873184,-1.0,0.4549098196392785
228,1.248809569898915,-1.0,1.0403511178641704,-1.0,0.4569138276553106
229,1.2403666452806268,-1.0,1.0319008672210848,-1.0,0.45891783567134264
230,1.2321516096264187,-1.0,1.0231300714460292,-1.0,0.4609218436873747
231,1.2242053776388,-1.0,1.014046227785087,-1.0,0.4629258517034068
232,1.2165688640202799,-1.0,1.0046582480574506,-1.0,0.46492985971943884
233,1.2092659708314941,-1.0,0.9949911469899269,-1.0,0.4669338677354709
234,1.2022621892617555,1.19807117212851,0.985045410326447,-1.0,0.468937875751503
235,1.1955144743142205,-1.0,0.9748453926356327,-1.0,0.47094188376753504
236,1.1889798604908384,-1.0,0.9643997467079805,-1.0,0.4729458917835671
237,1.1826153822935572,-1.0,0.9537189658309354,-1.0,0.4749498997995992
238,1.176378074224326,-1.0,0.9428249714030246,-1.0,0.47695390781563124
239,1.1702249707850931,-1.0,0.9317213101231548,-1.0,0.4789579158316633
240,1.1641131064778074,-1.0,0.9204301653996069,-1.0,0.48096192384769537
241,1.1579995158044183,-1.0,0.9089608788500344,-1.0,0.48296593186372744
242,1.151841233266873,-1.0,0.8973249063313351,-1.0,0.4849699398797595
243,1.145595293367121,-1.0,0.8855422984305452,-1.0,0.48697394789579157
244,1.1392187306071113,-1.0,0.8736184364473847,-1.0,0.4889779559118236
245,1.1326685794887916,-1.0,0.8615742177966925,-1.0,0.49098196392785565
246,1.1259018745141112,-1.0,0.8494193714530711,-1.0,0.4929859719438877
247,1.1188756501850186,-1.0,0.8371659535682271,-1.0,0.4949899799599198
248,1.1115469410034626,1.1093538983720164,0.8248329067677646,-1.0,0.49699398797595185
249,1.1038618869037489,-1.0,0.8124266352675318,-1.0,0.4989979959919839
250,1.095655418192887,-1.0,0.7999673836362842,-1.0,0.501002004008016
251,1.0869417597609998,-1.0,0.7874650117712586,-1.0,0.503006012024048
252,1.0777951464974471,-1.0,0.7749319648091215,-1.0,0.5050100200400801
253,1.0682898132915903,-1.0,0.7623866048643595,-1.0,0.5070140280561122
254,1.0584999950327894,-1.0,0.7498357400987901,-1.0,0.5090180360721442
255,1.0484999266104058,-1.0,0.7372994988765621,-1.0,0.5110220440881763
256,1.0383638429137996,-1.0,0.7247876043070064,-1.0,0.5130260521042084
257,1.0281659788323316,-1.0,0.7123127828256434,-1.0,0.5150300601202404
258,1.017980569255363,-1.0,0.6998932173399641,-1.0,0.5170340681362725
259,1.0078818490722539,-1.0,0.6875355748944796,-1.0,0.5190380761523046
260,0.997944053172365,-1.0,0.6752604014530718,-1.0,0.5210420841683366
261,0.9882414164450574,0.9761486622653276,0.6630769610230368,-1.0,0.5230460921843687
262,0.9788481737796919,-1.0,0.6509982400237618,-1.0,0.5250501002004008
263,0.9698385600656284,-1.0,0.6390425813522393,-1.0,0.5270541082164328
264,0.9612868101922283,-1.0,0.6272159523419484,-1.0,0.5290581162324649
265,0.9532671590488523,-1.0,0.615539932425925,-1.0,0.531062124248497
266,0.9457713504907748,-1.0,0.6040228957377706,-1.0,0.533066132264529
267,0.9386073298480396,-1.0,0.5926781577124792,-1.0,0.5350701402805611
268,0.9317291251096501,-1.0,0.581524548914121,-1.0,0.5370741482965932
269,0.9250999459472273,-1.0,0.5705666666427194,-1.0,0.5390781563126252
270,0.9186830020323921,-1.0,0.5598279384892156,-1.0,0.5410821643286573
271,0.9124415030367652,-1.0,0.5493152188545913,-1.0,0.5430861723446894
272,0.906338658631968,-1.0,0.5390423390610272,-1.0,0.5450901803607214
273,0.9003376784896208,-1.0,0.5290289970752812,-1.0,0.5470941883767535
274,0.8944017722813451,-1.0,0.519277474158195,-1.0,0.5490981963927856
275,0.888494149678762,0.8874313885088339,0.5098142769365256,-1.0,0.5511022044088176
276,0.882578020353492,-1.0,0.5006437283109667,-1.0,0.5531062124248497
277,0.8766165939771563,-1.0,0.49178054607823335,-1.0,0.5551102204408818
278,0.8705730802213758,-1.0,0.4832458568937884,-1.0,0.5571142284569138
279,0.8644106887577717,-1.0,0.475038037393381,-1.0,0.5591182364729459
280,0.8580926292579647,-1.0,0.46718882495367137,-1.0,0.561122244488978
281,0.8515821113935758,-1.0,0.4596981852970708,-1.0,0.56312625250501
282,0.8448435914536957,-1.0,0.45258241654447556,-1.0,0.565130260521042
283,0.8379153094337647,-1.0,0.445871517585093,-1.0,0.567134268537074
284,0.8308436660987554,-1.0,0.43956311780775237,0.4354980915429303,0.5691382765531061
285,0.8236463697024485,-1.0,0.4335808457291752,-1.0,0.5711422845691382
286,0.8163411284986255,-1.0,0.4278162228929693,-1.0,0.5731462925851702
287,0.8089456507410658,-1.0,0.4220422241549245,-1.0,0.5751503006012023
288,0.801477644683551,-1.0,0.4163021563696125,-1.0,0.5771543086172344
289,0.7939548185798618,0.7987141147523401,0.4105931550054208,-1.0,0.5791583166332664
290,0.7863948806837787,-1.0,0.40491812838842467,-1.0,0.5811623246492985
291,0.7788155392490824,-1.0,0.3992775543200711,-1.0,0.5831663326653306
292,0.7712345025295537,-1.0,0.3936727888377789,-1.0,0.5851703406813626
293,0.7636694787789736,-1.0,0.3881050499579449,-1.0,0.5871743486973947
294,0.7561381762511223,-1.0,0.3825748562630364,-1.0,0.5891783567134268
295,0.7486583031997809,-1.0,0.3770840590989582,-1.0,0.5911823647294588
296,0.7412475678787307,-1.0,0.37163306080370745,-1.0,0.5931863727454909
297,0.7339236785417511,-1.0,0.3662232946459614,-1.0,0.595190380761523
298,0.7267043434426235,-1.0,0.36085593558287543,-1.0,0.597194388777555
299,0.7195920158550766,-1.0,0.35553148335477375,-1.0,0.5991983967935871
300,0.7125285160761688,-1.0,0.3502518557746821,-1.0,0.6012024048096192
301,0.7055040355846705,-1.0,0.34501736618404877,-1.0,0.6032064128256512
302,0.6985161988335817,-1.0,0.3398295380044222,-1.0,0.6052104208416833
303,0.6915626302759031,0.6877528598207489,0.3346894964172999,-1.0,0.6072144288577154
304,0.6846409543646339,-1.0,0.3295977190165789,-1.0,0.6092184368737474
305,0.6777487955527745,-1.0,0.324556201939136,-1.0,0.6112224448897795
306,0.670883778293325,-1.0,0.31956515291480253,-1.0,0.6132264529058116
307,0.6640435270392857,-1.0,0.3146262021346624,-1.0,0.6152304609218436
308,0.6572256662436563,-1.0,0.30974041566981375,-1.0,0.6172344689378757
309,0.6504278203594367,-1.0,0.30490824586929866,-1.0,0.6192384769539078
310,0.6436476138396274,-1.0,0.3001317812670259,-1.0,0.6212424849699398
311,0.6368826711372282,-1.0,0.2954111032772212,-1.0,0.6232464929859719
312,0.6301306167052391,-1.0,0.29074797029723876,-1.0,0.625250501002004
313,0.6233890749966604,-1.0,0.2861433766014827,-1.0,0.627254509018036
314,0.6166556704644922,-1.0,0.28159774635783685,-1.0,0.6292585170340681
315,0.6099280275103056,-1.0,0.27711327765886007,-1.0,0.6312625250501002
316,0.6031077558924072,0.599035586064255,0.2726898992813084,-1.0,0.6332665330661322
317,0.5961246628536578,-1.0,0.26832952580882435,-1.0,0.6352705410821643
318,0.5890182329336027,-1.0,0.2640330625532548,-1.0,0.6372745490981964
319,0.5818279506717877,-1.0,0.2598009026492023,-1.0,0.6392785571142284
320,0.5745933006077586,-1.0,0.25563537536344444,-1.0,0.6412825651302605
321,0.5673537672810612,-1.0,0.2515362225009561,-1.0,0.6432865731462926
322,0.5601488352312408,-1.0,0.24750555206729669,-1.0,0.6452905811623246
323,0.5530179889978434,-1.0,0.2435441569929012,-1.0,0.6472945891783567
324,0.5460007131204145,-1.0,0.2396523964524694,-1.0,0.6492985971943888
325,0.5391364921384997,-1.0,0.2358327591885299,-1.0,0.6513026052104208
326,0.5324648105916446,-1.0,0.2320847537826711,-1.0,0.6533066132264529
327,0.5260251530193955,-1.0,0.2284107325886867,-1.0,0.655310621242485
328,0.5198570039612971,0.5103183123077614,0.22481134359969338,-1.0,0.657314629258517
329,0.5139998479568956,-1.0,0.22128690868059608,-1.0,0.6593186372745491
330,0.5084931695457368,-1.0,0.21784011488382285,-1.0,0.6613226452905812
331,0.5033764532673662,-1.0,0.2144701726957823,-1.0,0.6633266533066132
332,0.4986779434212,-1.0,0.21117975105911402,-1.0,0.6653306613226453
333,0.49431707522099966,-1.0,0.2079693064276913,-1.0,0.6673346693386772
334,0.49023918855266924,-1.0,0.20483911876461097,-1.0,0.6693386773547093
335,0.48640643611622164,-1.0,0.20179212988660597,-1.0,0.6713426853707414
336,0.4827809706116705,-1.0,0.19882715640748969,-1.0,0.6733466933867734
337,0.4793249447390289,-1.0,0.19594729139368988,-1.0,0.6753507014028055
338,0.47600051119831077,-1.0,0.19315273024822624,-1.0,0.6773547094188376
339,0.47276982268952894,-1.0,0.19044370311973488,-1.0,0.6793587174348696
340,0.4695950319126969,-1.0,0.18782349490350633,-1.0,0.6813627254509017
341,0.4664382915678283,-1.0,0.18529037713040425,-1.0,0.6833667334669338
342,0.46326175435493605,-1.0,0.18284803772383962,-1.0,0.6853707414829658
343,0.4600275729740339,0.46583034995756617,0.18049630135214656,-1.0,0.6873747494989979
344,0.456697900125135,-1.0,0.17823533123519977,-1.0,0.68937875751503
345,0.45323488850825294,-1.0,0.1760689076631266,-1.0,0.691382765531062
346,0.4496006908234009,-1.0,0.17399449546246737,-1.0,0.6933867735470941
347,0.4457574597705922,-1.0,0.17202411096746553,0.1702464673149506,0.6953907815631262
348,0.4416673480498406,-1.0,0.1701307776474342,-1.0,0.6973947895791582
349,0.4372993726028017,-1.0,0.1682934325401049,-1.0,0.6993987975951903
350,0.432666890943585,-1.0,0.16646940618537598,-1.0,0.7014028056112224
351,0.42780088277340733,-1.0,0.16464755436973647,-1.0,0.7034068136272544
352,0.4227323726436124,-1.0,0.1628328320799053,-1.0,0.7054108216432865
353,0.4174923851055433,-1.0,0.16102527130173844,-1.0,0.7074148296593186
354,0.41211194471054347,-1.0,0.15922492604103014,-1.0,0.7094188376753506
355,0.4066220760099567,-1.0,0.15743188625141544,-1.0,0.7114228456913827
356,0.401053803555126,-1.0,0.15564615964645062,-1.0,0.7134268537074148
357,0.395438151897395,0.3771130762010725,0.15386785548688237,-1.0,0.7154308617234468
358,0.38980614558810706,-1.0,0.1520969982186252,-1.0,0.7174348697394789
359,0.384188809178606,-1.0,0.15033364460893728,-1.0,0.719438877755511
360,0.37861716722023464,-1.0,0.1485778828767249,-1.0,0.721442885771543
361,0.3731222442643367,-1.0,0.14682971964621166,-1.0,0.7234468937875751
362,0.3677350648622559,-1.0,0.14508926745033043,-1.0,0.7254509018036072
363,0.36248665356533527,-1.0,0.14335654661122657,-1.0,0.7274549098196392
364,0.3574080349249183,-1.0,0.14163161783403522,-1.0,0.7294589178356713
365,0.35251865777183966,-1.0,0.13991456719701514,-1.0,0.7314629258517034
366,0.3476179665791679,-1.0,0.13820540038540052,-1.0,0.7334669338677354
367,0.3426438829712754,-1.0,0.13650423325693012,-1.0,0.7354709418837675
368,0.33762401096592165,-1.0,0.13481108174760656,-1.0,0.7374749498997996
369,0.3325859545808666,-1.0,0.13312601100247423,-1.0,0.7394789579158316
370,0.32755731783386954,-1.0,0.13144910449388775,-1.0,0.7414829659318637
371,0.32256570474268986,0.33288376479477383,0.12978036714673802,-1.0,0.7434869739478958
372,0.31763871932508764,-1.0,0.12811991819371332,-1.0,0.7454909819639278
373,0.312803965598822,-1.0,0.1264677688933495,-1.0,0.7474949899799599
374,0.3080890475816528,-1.0,0.12482398940076417,-1.0,0.749498997995992
375,0.30352156929133944,-1.0,0.12318866004849154,-1.0,0.751503006012024
376,0.2991291347456419,-1.0,0.12156178521291516,-1.0,0.7535070140280561
377,0.29493934796231924,-1.0,0.11994348754813351,-1.0,0.7555110220440882
378,0.29097981295913133,-1.0,0.11833377331236135,-1.0,0.7575150300601202
379,0.2872781337538379,-1.0,0.11673271831583895,-1.0,0.7595190380761523
380,0.2838619143641982,-1.0,0.11514039914143545,-1.0,0.7615230460921844
381,0.28075875880797196,-1.0,0.11355681986656795,-1.0,0.7635270541082164
382,0.27796663661687543,-1.0,0.1119821066081495,-1.0,0.7655310621242485
383,0.27539737229430217,-1.0,0.11041626035138434,-1.0,0.7675350701402806
384,0.27301954504010406,0.26615182126948117,0.10885936303512939,-1.0,0.7695390781563125
385,0.2708071100269475,-1.0,0.10731148705268696,-1.0,0.7715430861723446
386,0.2687340224274988,-1.0,0.10577263639025355,-1.0,0.7735470941883766
387,0.2667742374144238,-1.0,0.1042429406623138,-1.0,0.7755511022044087
388,0.264901710160389,-1.0,0.10272239533535599,-1.0,0.7775551102204408
389,0.26309039583806043,-1.0,0.10121108884666236,-1.0,0.7795591182364728
390,0.2613142496201045,-1.0,0.0997090890614156,-1.0,0.7815631262525049
391,0.2595472266791872,-1.0,0.09821640006640615,-1.0,0.783567134268537
392,0.2577632821879749,-1.0,0.09673315499990749,-1.0,0.785571142284569
393,0.2559363713191337,-1.0,0.09525934354118341,-1.0,0.7875751503006011
394,0.25404044924532987,-1.0,0.09379506103916953,-1.0,0.7895791583166332
395,0.25204947113922943,-1.0,0.09234037044583049,-1.0,0.7915831663326652
396,0.24993739217349883,-1.0,0.09089527617730221,-1.0,0.7935871743486973
397,0.24767816752080415,-1.0,0.08945991491110045,-1.0,0.7955911823647294
398,0.24524582116805804,0.24416649103828011,0.08803427024477152,-1.0,0.7975951903807614
399,0.24263077196570063,-1.0,0.08661844490225336,-1.0,0.7995991983967935
400,0.23985095330194348,-1.0,0.08521249648294986,-1.0,0.8016032064128256
401,0.23692542605311168,-1.0,0.08381643000499243,-1.0,0.8036072144288576
402,0.23387325109553012,-1.0,0.08243038568715193,-1.0,0.8056112224448897
403,0.23071348930552396,-1.0,0.08105434072075426,-1.0,0.8076152304609218
404,0.22746520155941805,-1.0,0.07968840572657583,-1.0,0.8096192384769538
405,0.2241474487335378,-1.0,0.07833263244831071,-1.0,0.8116232464929859
406,0.22077929170420754,-1.0,0.07698702683123608,-1.0,0.813627254509018
407,0.21737979134775265,-1.0,0.07565173262067816,-1.0,0.81563126252505
408,0.21396800854049808,-1.0,0.0743267202421494,-1.0,0.8176352705410821
409,0.21056300415876886,-1.0,0.07301210880411053,-1.0,0.8196392785571142
410,0.20718383907889,-1.0,0.07170794361559255,-1.0,0.8216432865731462
411,0.20384957417718644,-1.0,0.07041423193738985,-1.0,0.8236472945891783
412,0.20057927032998352,0.19967852868808503,0.06913112100599994,-1.0,0.8256513026052104
413,0.1973919884136057,-1.0,0.06785857407990101,-1.0,0.8276553106212424
414,0.19430678930437822,-1.0,0.06659671942848423,-1.0,0.8296593186372745
415,0.19132918990361578,-1.0,0.0653455952561014,-1.0,0.8316633266533066
416,0.18839679513972304,-1.0,0.06410521060428126,-1.0,0.8336673346693386
417,0.1854968592443013,-1.0,0.06287571613961329,-1.0,0.8356713426853707
418,0.182626716167405,-1.0,0.0616570675022667,-1.0,0.8376753507014028
419,0.17978369985908887,-1.0,0.06044940289541773,-1.0,0.8396793587174348
420,0.17696514426940693,-1.0,0.0592527526381092,-1.0,0.8416833667334669
421,0.17416838334841403,-1.0,0.0580671281120247,-1.0,0.843687374749499
422,0.1713907510461644,-1.0,0.056892683320810614,-1.0,0.845691382765531
423,0.16862958131271288,-1.0,0.055729365773991006,-1.0,0.8476953907815631
424,0.16588220809811374,-1.0,0.054577324503327834,-1.0,0.8496993987975952
425,0.16314596535242154,-1.0,0.05343658102591613,-1.0,0.8517034068136272
426,0.160418187025691,0.1551905663378899,0.052307149739750286,-1.0,0.8537074148296593
427,0.15769620706797613,-1.0,0.05118918785253712,-1.0,0.8557114228456913
428,0.1549773594293317,-1.0,0.050082634155159816,-1.0,0.8577154308617234
429,0.1522589780598122,-1.0,0.048987649554148006,-1.0,0.8597194388777555
430,0.14953839690947213,-1.0,0.0479042456785808,-1.0,0.8617234468937875
431,0.14681294992836594,-1.0,0.04683244076524908,-1.0,0.8637274549098196
432,0.14401735427544055,-1.0,0.04577239504259257,-1.0,0.8657314629258517
433,0.14109294806605865,-1.0,0.04472403789958424,-1.0,0.8677354709418837
434,0.1380691913862715,-1.0,0.043687543354481086,-1.0,0.8697394789579158
435,0.13497574454388678,-1.0,0.04266291184810103,-1.0,0.8717434869739479
436,0.13184226784671182,-1.0,0.04165016646441286,-1.0,0.8737474949899798
437,0.1286984216025541,-1.0,0.04064947020532387,-1.0,0.8757515030060119
438,0.1255738661192209,-1.0,0.03966074225249635,-1.0,0.877755511022044
439,0.1224982617045197,0.13320523610668886,0.038684171217215485,-1.0,0.879759519038076
440,0.11950126866625811,-1.0,0.03771974477680861,-1.0,0.8817635270541081
441,0.116612547312243,-1.0,0.03676749211043497,-1.0,0.8837675350701402
442,0.11386175795028206,-1.0,0.035827578664097734,-1.0,0.8857715430861722
443,0.11127856088818264,-1.0,0.03489991244712329,-1.0,0.8877755511022043
444,0.10889261643375216,-1.0,0.033984698463909405,-1.0,0.8897795591182364
445,0.10673358489479795,-1.0,0.03308190969348588,-1.0,0.8917835671342684
446,0.10483112657912752,-1.0,0.032191582972540586,-1.0,0.8937875751503005
447,0.10321490179454833,-1.0,0.03131388575497502,-1.0,0.8957915831663326
448,0.10190016669192631,-1.0,0.030448713699541337,-1.0,0.8977955911823646
449,0.10074827712549769,-1.0,0.029596290428294408,-1.0,0.8997995991983967
450,0.0997063350252853,-1.0,0.028756571807482773,-1.0,0.9018036072144288
451,0.09876052812810265,-1.0,0.027929604313987062,-1.0,0.9038076152304608
452,0.09789704417076331,-1.0,0.027115556832352457,-1.0,0.9058116232464929
453,0.09710207089008081,0.08871727375649374,0.026314311200602104,-1.0,0.907815631262525
454,0.09636179602286878,-1.0,0.025526112461680576,-1.0,0.909819639278557
455,0.0956624073059406,-1.0,0.024750896299452107,-1.0,0.9118236472945891
456,0.09499009247610987,-1.0,0.023988721388731222,-1.0,0.9138276553106212
457,0.09433103927019015,-1.0,0.02323975727790001,-1.0,0.9158316633266532
458,0.09367143542499502,-1.0,0.02250387010290394,-1.0,0.9178356713426853
459,0.09299746867733798,-1.0,0.021781329941477027,-1.0,0.9198396793587174
460,0.09229532676403256,-1.0,0.021072048306221013,-1.0,0.9218436873747494
461,0.09155119742189241,-1.0,0.02037609943565508,-1.0,0.9238476953907815
462,0.09075126838773093,-1.0,0.0196936525152881,-1.0,0.9258517034068136
463,0.0898817273983617,-1.0,0.019024555498742338,-1.0,0.9278557114228456
464,0.0889287621905983,-1.0,0.01836910828520003,-1.0,0.9298597194388777
465,0.08790907246863956,-1.0,0.01772719289500845,-1.0,0.9318637274549098
466,0.08687790352130201,-1.0,0.01709890366802897,-1.0,0.9338677354709418
467,0.08583112969259286,0.08871727375649374,0.01648440803562729,-1.0,0.9358717434869739
468,0.08476253825550716,-1.0,0.01588353238088311,-1.0,0.937875751503006
469,0.08366591648303966,-1.0,0.015296612974528221,-1.0,0.939879759519038
470,0.08253505164818534,-1.0,0.014723495016945285,-1.0,0.9418837675350701
471,0.08136373102393915,-1.0,0.014164299252963456,-1.0,0.9438877755511021
472,0.08014574188329603,-1.0,0.013619189443924266,-1.0,0.9458917835671342
473,0.07887487149925088,-1.0,0.013087965568235873,-1.0,0.9478957915831663
474,0.07754490714479877,-1.0,0.012571009598876247,-1.0,0.9498997995991983
475,0.07614963609293439,-1.0,0.0120681195775306,-1.0,0.9519038076152304
476,0.07468284561665278,-1.0,0.011579451268010077,-1.0,0.9539078156312625
477,0.07313832298894886,-1.0,0.01110516255004325,-1.0,0.9559118236472945
478,0.07150985548281757,-1.0,0.010645019553410828,-1.0,0.9579158316633266
479,0.06979123037125383,-1.0,0.01019946393948288,-1.0,0.9599198396793587
480,0.06797623492725258,0.06647329258139617,0.009768231634594433,-1.0,0.9619238476953907
481,0.06605568823071695,-1.0,0.00935152459974435,-1.0,0.9639278557114228
482,0.06393867649665501,-1.0,0.008949493563301403,-1.0,0.9659318637274549
483,0.06159135887963035,-1.0,0.00856185815636929,-1.0,0.9679358717434869
484,0.059022665922627886,-1.0,0.008189142144792626,-1.0,0.969939879759519
485,0.05624152816863254,-1.0,0.007830995389585487,-1.0,0.9719438877755511
486,0.053256876160629234,-1.0,0.007487683672091649,-1.0,0.9739478957915831
487,0.050077640441602886,-1.0,0.007159349560296008,-1.0,0.9759519038076151
488,0.04671275155453871,-1.0,0.006845643620350022,-1.0,0.9779559118236472
489,0.04317114004242103,-1.0,0.006547211130966993,-1.0,0.9799599198396792
490,0.03946173644823507,-1.0,0.006263573736105272,-1.0,0.9819639278557113
491,0.035593471314965736,-1.0,0.005995091565336411,-1.0,0.9839679358717434
492,0.03157527518559793,-1.0,0.00574189980800209,-1.0,0.9859719438877754
493,0.027416078603116588,-1.0,0.005503533726912474,-1.0,0.9879759519038075
494,0.023124812110506626,-1.0,0.00528083957962874,-1.0,0.9899799599198396
495,0.018710406250753348,-1.0,0.005073125735521497,-1.0,0.9919839679358716
496,0.014181791566840903,-1.0,0.004880906177249195,-1.0,0.9939879759519037
497,0.00954789860175458,-1.0,0.004704320537347665,-1.0,0.9959919839679358
498,0.004817657898479308,-1.0,0.004542669050631522,-1.0,0.9979959919839678
499,-2.2434393223039473e-18,-1.0,0.004397200041304938,-1.0,1.0
