,velocity,vel_ori,density,den_ori,eta
0,0.0,0.0,1.6758232537720361,-1.0,0.0
1,0.06629705584809596,-1.0,1.6756996047533739,-1.0,0.002004008016032064
2,0.13150851151074602,-1.0,1.6755759557347178,-1.0,0.004008016032064128
3,0.19556405999224938,-1.0,1.6754523067160558,-1.0,0.0060120240480961915
4,0.25839339429690494,-1.0,1.6753286576973936,-1.0,0.008016032064128256
5,0.31992620742901196,-1.0,1.6752050086787376,-1.0,0.01002004008016032
6,0.38009219239286945,-1.0,1.6750813596600753,-1.0,0.012024048096192383
7,0.4388210421927766,-1.0,1.6749577106414133,-1.0,0.014028056112224447
8,0.4960424498330323,-1.0,1.6748340616227573,-1.0,0.01603206412825651
9,0.5516861083179359,-1.0,1.674710412604095,-1.0,0.018036072144288574
10,0.6056817106517862,-1.0,1.674586763585433,-1.0,0.02004008016032064
11,0.6579589498388825,-1.0,1.674463114566777,-1.0,0.022044088176352703
12,0.7084475188835238,-1.0,1.6743394655481147,-1.0,0.024048096192384766
13,0.7570771107900092,-1.0,1.6742158165294527,-1.0,0.026052104208416832
14,0.8037774185626378,-1.0,1.6740921675107967,-1.0,0.028056112224448895
15,0.8484781352057085,-1.0,1.6739685184921345,-1.0,0.03006012024048096
16,0.891108953723521,-1.0,1.6738448694734724,-1.0,0.03206412825651302
17,0.9315995671203737,-1.0,1.6737212204548162,-1.0,0.03406813627254509
18,0.9711432464577312,-1.0,1.6735975714361542,-1.0,0.03607214428857715
19,1.011033792501557,-1.0,1.673473922417492,-1.0,0.038076152304609215
20,1.0509852490337581,-1.0,1.67335027339883,-1.0,0.04008016032064128
21,1.0907088092728952,-1.0,1.6732266243801739,-1.0,0.04208416833667334
22,1.1299156664375283,-1.0,1.6731029753615116,-1.0,0.044088176352705406
23,1.1683170137462178,-1.0,1.6729793263428556,-1.0,0.04609218436873747
24,1.2056240444175248,-1.0,1.6728556773241936,-1.0,0.04809619238476953
25,1.2415479516700088,-1.0,1.6727320283055314,-1.0,0.0501002004008016
26,1.2757999287222308,-1.0,1.6726083792868753,-1.0,0.052104208416833664
27,1.3080911687927512,-1.0,1.6724847302682133,-1.0,0.05410821643286573
28,1.3381328651001303,-1.0,1.672360873881916,-1.0,0.05611222444889779
29,1.3656362108629287,-1.0,1.6722372270874855,1.672147954450327,0.058116232464929855
30,1.3903123992997066,-1.0,1.6721143503532312,-1.0,0.06012024048096192
31,1.4118726236290244,-1.0,1.6719922568032104,-1.0,0.06212424849699398
32,1.430028077069443,-1.0,1.6718726187488961,-1.0,0.06412825651302605
33,1.444489952839522,-1.0,1.6717553537557246,-1.0,0.06613226452905811
34,1.454969444157823,-1.0,1.6716401442883349,-1.0,0.06813627254509018
35,1.4627702245140142,-1.0,1.671526951807877,-1.0,0.07014028056112225
36,1.4700299157292143,-1.0,1.671415621800097,-1.0,0.0721442885771543
37,1.476790101551303,1.4877157531620107,1.6713060498955687,-1.0,0.07414829659318636
38,1.4830773740470875,-1.0,1.671198157660248,-1.0,0.07615230460921843
39,1.4889183252833753,-1.0,1.6710917714286257,-1.0,0.0781563126252505
40,1.4943395473269732,-1.0,1.6709868750564907,-1.0,0.08016032064128256
41,1.4993676322446887,-1.0,1.6708832496670865,-1.0,0.08216432865731463
42,1.5040291721033288,-1.0,1.670780903261578,-1.0,0.08416833667334668
43,1.508350758969701,-1.0,1.6706796187362702,-1.0,0.08617234468937875
44,1.5123589849106125,-1.0,1.670579373201207,-1.0,0.08817635270541081
45,1.51608044199287,-1.0,1.670480011402595,-1.0,0.09018036072144288
46,1.5195417222832812,-1.0,1.6703814171957134,-1.0,0.09218436873747494
47,1.5227694178486533,-1.0,1.6702835394468734,-1.0,0.09418837675350701
48,1.5257901207557938,-1.0,1.6701861685401707,-1.0,0.09619238476953906
49,1.528630423071509,-1.0,1.6700893270362354,-1.0,0.09819639278557113
50,1.5313169168626073,-1.0,1.6699927609463072,-1.0,0.1002004008016032
51,1.5338761941958954,-1.0,1.6698965058792197,-1.0,0.10220440881763526
52,1.5363198029827827,-1.0,1.6698003278964717,-1.0,0.10420841683366733
53,1.538638201914062,-1.0,1.669704208853834,-1.0,0.1062124248496994
54,1.540838050509799,-1.0,1.6696079993737094,-1.0,0.10821643286573146
55,1.5429263116354337,-1.0,1.6695115694251934,-1.0,0.11022044088176351
56,1.544909948156407,-1.0,1.6694148839128267,-1.0,0.11222444889779558
57,1.5467959229381603,-1.0,1.6693177209999497,-1.0,0.11422845691382764
58,1.5485911988461334,-1.0,1.6692201088628107,-1.0,0.11623246492985971
59,1.550302738745768,-1.0,1.6691217962929703,-1.0,0.11823647294589178
60,1.5519375055025044,-1.0,1.6690228079128568,-1.0,0.12024048096192384
61,1.5535024619817832,-1.0,1.6689229267789303,-1.0,0.1222444889779559
62,1.5550045710490454,-1.0,1.6688221148557143,-1.0,0.12424849699398796
63,1.556450795569732,1.5560989861291505,1.6687202393931653,-1.0,0.12625250501002003
64,1.5578480984092833,-1.0,1.668617162954714,-1.0,0.1282565130260521
65,1.5592034424331405,-1.0,1.6685128456818927,-1.0,0.13026052104208416
66,1.560523790506744,-1.0,1.6684070844178764,-1.0,0.13226452905811623
67,1.5618161054955346,-1.0,1.6682998764580956,-1.0,0.1342685370741483
68,1.5630873502649536,-1.0,1.668191010020128,-1.0,0.13627254509018036
69,1.564334364584247,-1.0,1.66808046592618,-1.0,0.13827655310621242
70,1.5655418767561196,-1.0,1.6679680688874505,-1.0,0.1402805611222445
71,1.5667113408997488,-1.0,1.6678537473258692,-1.0,0.14228456913827653
72,1.5678446662215935,-1.0,1.6677373863418394,-1.0,0.1442885771543086
73,1.5689437619281124,-1.0,1.6676188525713214,-1.0,0.14629258517034066
74,1.5700105372257647,-1.0,1.6674980815496316,-1.0,0.14829659318637273
75,1.5710469013210095,-1.0,1.6673749120483266,-1.0,0.1503006012024048
76,1.5720547634203055,-1.0,1.6672492872344384,-1.0,0.15230460921843686
77,1.5730360327301118,-1.0,1.667121054551033,-1.0,0.15430861723446893
78,1.573992618456888,-1.0,1.666990136621408,-1.0,0.156312625250501
79,1.574926429807092,-1.0,1.6668564073286944,-1.0,0.15831663326653306
80,1.5758393759871834,-1.0,1.6667197614276712,-1.0,0.16032064128256512
81,1.5767333662036218,-1.0,1.6665800960107449,-1.0,0.1623246492985972
82,1.5776103096628649,-1.0,1.6664372918086832,-1.0,0.16432865731462926
83,1.5784721155713723,-1.0,1.6662912486784238,-1.0,0.16633266533066132
84,1.5793206931356036,-1.0,1.666141856402643,-1.0,0.16833667334669336
85,1.580157951562017,-1.0,1.6659889980948137,-1.0,0.17034068136272543
86,1.58098253392098,-1.0,1.665832582441763,-1.0,0.1723446893787575
87,1.581788546271886,1.5819986944113784,1.665672475759207,-1.0,0.17434869739478956
88,1.5825766911991526,-1.0,1.6655085959032165,-1.0,0.17635270541082163
89,1.5833479353188058,-1.0,1.665340811625771,-1.0,0.1783567134268537
90,1.584103245246871,-1.0,1.6651690242250237,-1.0,0.18036072144288576
91,1.5848435875993736,-1.0,1.6649931342161597,-1.0,0.18236472945891782
92,1.585569928992339,-1.0,1.6648130033118007,-1.0,0.1843687374749499
93,1.5862832360417922,-1.0,1.6646285707646344,-1.0,0.18637274549098196
94,1.5869844753637592,-1.0,1.6644396647717596,-1.0,0.18837675350701402
95,1.5876746135742654,-1.0,1.6642463455216554,-1.0,0.1903807615230461
96,1.5883546172893357,-1.0,1.6640489500175253,-1.0,0.19238476953907813
97,1.5890254531249954,-1.0,1.6638451263709075,1.6638052225626532,0.1943887775551102
98,1.5896880876972712,-1.0,1.6636342958401062,-1.0,0.19639278557114226
99,1.5903434876221867,-1.0,1.6634146675844081,-1.0,0.19839679358717432
100,1.5909926195157689,-1.0,1.6631829987403457,-1.0,0.2004008016032064
101,1.591636449994042,-1.0,1.6629396475833866,-1.0,0.20240480961923846
102,1.5922759456730324,-1.0,1.66268549087113,-1.0,0.20440881763527052
103,1.5929166860348811,-1.0,1.6624195162119322,-1.0,0.2064128256513026
104,1.593569207174777,-1.0,1.6621425774047913,-1.0,0.20841683366733466
105,1.594230261059165,-1.0,1.6618538560964022,-1.0,0.21042084168336672
106,1.5948959179297757,-1.0,1.6615538362666826,-1.0,0.2124248496993988
107,1.5955622480283402,-1.0,1.6612422159363611,-1.0,0.21442885771543085
108,1.596225321596588,-1.0,1.6609188843836946,-1.0,0.21643286573146292
109,1.5968812088762503,-1.0,1.6605841470410125,-1.0,0.21843687374749496
110,1.5975259801090573,-1.0,1.660237375561148,-1.0,0.22044088176352702
111,1.598155705536739,-1.0,1.6598792048788025,-1.0,0.2224448897795591
112,1.598766455401027,-1.0,1.6595088523008614,-1.0,0.22444889779559116
113,1.5993542999436507,-1.0,1.6591269477853126,-1.0,0.22645290581162322
114,1.5999153094063412,-1.0,1.6587328609303638,-1.0,0.2284569138276553
115,1.6004455540308289,-1.0,1.6583269361226884,-1.0,0.23046092184368736
116,1.6009411040588435,-1.0,1.6579089526272799,-1.0,0.23246492985971942
117,1.6013980297321169,-1.0,1.657478782842771,-1.0,0.2344689378757515
118,1.6018124012923787,-1.0,1.657036682075897,-1.0,0.23647294589178355
119,1.6021802889813594,-1.0,1.6565821193965788,-1.0,0.23847695390781562
120,1.6025108486241053,-1.0,1.6561156065453126,-1.0,0.24048096192384769
121,1.6028404613215932,-1.0,1.655636494804065,-1.0,0.24248496993987975
122,1.6031691596213469,-1.0,1.6551452852424147,-1.0,0.2444889779559118
123,1.6034942679060562,-1.0,1.6546414609081947,-1.0,0.24649298597194386
124,1.6038131105584112,-1.0,1.6541252788486613,-1.0,0.24849699398797592
125,1.6041230119611014,-1.0,1.6535965724353312,-1.0,0.250501002004008
126,1.6044212964968154,-1.0,1.6530551993090452,-1.0,0.25250501002004005
127,1.604705288548244,-1.0,1.6525013863383884,-1.0,0.2545090180360721
128,1.6049723124980766,-1.0,1.6519346624090854,-1.0,0.2565130260521042
129,1.605219692729002,-1.0,1.651355461310711,-1.0,0.25851703406813625
130,1.6054447536237104,-1.0,1.650763221032502,-1.0,0.2605210420841683
131,1.6056448195648916,-1.0,1.650158357420964,-1.0,0.2625250501002004
132,1.6058172149352348,-1.0,1.6495404302929029,-1.0,0.26452905811623245
133,1.6059592641174296,-1.0,1.6489096358511868,-1.0,0.2665330661322645
134,1.606068291494166,-1.0,1.648265847201466,-1.0,0.2685370741482966
135,1.6061416214481328,1.6061855044096571,1.6476089089524457,-1.0,0.27054108216432865
136,1.6061765783620208,-1.0,1.64693903029949,-1.0,0.2725450901803607
137,1.6061710613548643,-1.0,1.6462557804650086,-1.0,0.2745490981963928
138,1.6061264347442004,-1.0,1.6455595393723528,-1.0,0.27655310621242485
139,1.6060445646084995,-1.0,1.6448498060231747,-1.0,0.2785571142284569
140,1.6059272332498702,-1.0,1.6441269352247105,-1.0,0.280561122244489
141,1.6057762229704216,-1.0,1.6433905428804572,-1.0,0.282565130260521
142,1.6055933160722629,-1.0,1.6426407798299467,-1.0,0.28456913827655306
143,1.6053802948575022,-1.0,1.6418775496277653,-1.0,0.2865731462925851
144,1.6051389416282493,-1.0,1.6411006858940864,-1.0,0.2885771543086172
145,1.6048710386866127,-1.0,1.640310385967922,-1.0,0.29058116232464926
146,1.6045783683347015,-1.0,1.6395062480647071,-1.0,0.2925851703406813
147,1.6042627128746245,-1.0,1.6386886125337599,-1.0,0.2945891783567134
148,1.6039258546084905,-1.0,1.6378570239236634,-1.0,0.29659318637274545
149,1.6035695758384088,-1.0,1.637011790740343,-1.0,0.2985971943887775
150,1.6031956588664877,-1.0,1.6361525722225754,-1.0,0.3006012024048096
151,1.6028058859948366,-1.0,1.6352794836212845,-1.0,0.30260521042084165
152,1.6024020395255643,-1.0,1.6343924527031808,-1.0,0.3046092184368737
153,1.6019859017607798,-1.0,1.6334913038292045,-1.0,0.3066132264529058
154,1.6015342244080342,1.601562472348529,1.6325762259493122,-1.0,0.30861723446893785
155,1.600947990593734,-1.0,1.6316468391239518,-1.0,0.3106212424849699
156,1.600225004275009,-1.0,1.6307034532643043,-1.0,0.312625250501002
157,1.5993746881258537,-1.0,1.6297456484770214,-1.0,0.31462925851703405
158,1.5984064648202636,-1.0,1.6287736965688544,-1.0,0.3166332665330661
159,1.5973297570322331,-1.0,1.627787291741765,-1.0,0.3186372745490982
160,1.5961539874357575,-1.0,1.6267865201509089,-1.0,0.32064128256513025
161,1.5948885787048315,-1.0,1.6257713295320781,-1.0,0.3226452905811623
162,1.5935429535134504,-1.0,1.624741536253249,-1.0,0.3246492985971944
163,1.5921265345356086,-1.0,1.6237044286510967,-1.0,0.32665330661322645
164,1.590648744445302,-1.0,1.6226537303562298,-1.0,0.3286573146292585
165,1.5891190059165243,-1.0,1.6215443623785903,1.6215430348809177,0.3306613226452906
166,1.587546741623271,-1.0,1.6203815928642145,-1.0,0.33266533066132264
167,1.5859413742395374,-1.0,1.6190898040329909,-1.0,0.33466933867735466
168,1.584312326439318,-1.0,1.6176099588299218,-1.0,0.3366733466933867
169,1.5826690208966079,-1.0,1.6159765578979994,-1.0,0.3386773547094188
170,1.581020880285402,-1.0,1.6141954167747368,-1.0,0.34068136272545085
171,1.5793571982105323,-1.0,1.6122540518709223,-1.0,0.3426853707414829
172,1.5775877205880529,-1.0,1.6101764242064913,-1.0,0.344689378757515
173,1.5757062219535931,-1.0,1.6079411360925944,-1.0,0.34669338677354705
174,1.5737196359037515,-1.0,1.605573438740122,-1.0,0.3486973947895791
175,1.571634896035127,-1.0,1.6030556409387016,-1.0,0.3507014028056112
176,1.5694589359443176,-1.0,1.6004057791213657,-1.0,0.35270541082164325
177,1.5671986892279224,-1.0,1.5976161272716536,-1.0,0.3547094188376753
178,1.5648610894825397,-1.0,1.5946929773858185,-1.0,0.3567134268537074
179,1.562453070304768,-1.0,1.5916414954059919,-1.0,0.35871743486973945
180,1.559981565291206,-1.0,1.5884563210863156,-1.0,0.3607214428857715
181,1.557453508038452,-1.0,1.5851508181780989,-1.0,0.3627254509018036
182,1.5548758321431049,-1.0,1.5817148558414083,-1.0,0.36472945891783565
183,1.552255471201763,-1.0,1.5781632624008899,-1.0,0.3667334669338677
184,1.5495993588110248,-1.0,1.5744872368030376,-1.0,0.3687374749498998
185,1.546914428567489,-1.0,1.570698048301282,-1.0,0.37074148296593185
186,1.5442076140677543,-1.0,1.5667923461274422,-1.0,0.3727454909819639
187,1.541485848908419,-1.0,1.5627746061939751,-1.0,0.374749498997996
188,1.5387478326442166,1.5367020042625756,1.5586492050293148,-1.0,0.37675350701402804
189,1.535950360406684,-1.0,1.5544134843011257,-1.0,0.3787575150300601
190,1.5330871241289459,-1.0,1.5500769227424773,-1.0,0.3807615230460922
191,1.5301593474225454,-1.0,1.5456338223716097,-1.0,0.38276553106212424
192,1.5271682538990277,-1.0,1.5410946653525115,-1.0,0.38476953907815625
193,1.524115067169936,-1.0,1.536454543970491,-1.0,0.3867735470941883
194,1.5210010108468137,-1.0,1.5317216358861647,-1.0,0.3887775551102204
195,1.5178273085412062,-1.0,1.5268946750734715,-1.0,0.39078156312625245
196,1.5145951838646563,-1.0,1.521977228402695,-1.0,0.3927855711422845
197,1.5113058604287088,-1.0,1.5169733122494862,-1.0,0.3947895791583166
198,1.507960561844907,-1.0,1.5118815988573586,-1.0,0.39679358717434865
199,1.504560511724795,-1.0,1.5067096010973164,-1.0,0.3987975951903807
200,1.5011069336799172,-1.0,1.5014539108020304,-1.0,0.4008016032064128
201,1.4976010513218172,-1.0,1.496122721157178,-1.0,0.40280561122244485
202,1.4940440882620385,-1.0,1.4907132103385312,-1.0,0.4048096192384769
203,1.490437268112126,-1.0,1.4852318750122433,-1.0,0.406813627254509
204,1.4867818144836233,-1.0,1.4796785987011007,-1.0,0.40881763527054105
205,1.4830709312799164,-1.0,1.4740564432443979,-1.0,0.4108216432865731
206,1.4792525311163274,-1.0,1.4683692171320029,-1.0,0.4128256513026052
207,1.475324491920652,-1.0,1.4626163510924324,-1.0,0.41482965931863724
208,1.4712958940600118,-1.0,1.4568042355719277,-1.0,0.4168336673346693
209,1.4671758179015282,-1.0,1.4509307752041318,-1.0,0.4188376753507014
210,1.4629733438123222,-1.0,1.4450028439681781,-1.0,0.42084168336673344
211,1.4586975521595156,-1.0,1.4390188281649858,-1.0,0.4228456913827655
212,1.4543575233102295,-1.0,1.4329842453919701,-1.0,0.4248496993987976
213,1.449962337631585,-1.0,1.4268996546123915,-1.0,0.42685370741482964
214,1.445521075490704,-1.0,1.4207678164849094,-1.0,0.4288577154308617
215,1.4410428172547076,-1.0,1.4145924225622646,-1.0,0.4308617234468938
216,1.4365366432907167,-1.0,1.4083733414502457,-1.0,0.43286573146292584
217,1.4320116339658537,-1.0,1.4021163163874468,-1.0,0.4348697394789579
218,1.427476869647239,-1.0,1.3958200076488656,-1.0,0.4368737474949899
219,1.422941430701994,-1.0,1.3894905309626109,-1.0,0.438877755511022
220,1.4184143974972405,-1.0,1.383126967027752,-1.0,0.44088176352705405
221,1.4139048504001,-1.0,1.3767342666164601,-1.0,0.4428857715430861
222,1.409418063173618,-1.0,1.3703133901226174,-1.0,0.4448897795591182
223,1.404927002332729,-1.0,1.3638669032041395,-1.0,0.44689378757515025
224,1.4004229431941988,-1.0,1.3573984602201206,-1.0,0.4488977955911823
225,1.3959039293135245,-1.0,1.3509081412345212,-1.0,0.4509018036072144
226,1.391368004246205,1.3897287265075253,1.3444013682477354,-1.0,0.45290581162324645
227,1.3868132115477396,-1.0,1.3378771770672904,-1.0,0.4549098196392785
228,1.3822375947736265,-1.0,1.3313413081422503,-1.0,0.4569138276553106
229,1.377639197479365,-1.0,1.3247931866168927,-1.0,0.45891783567134264
230,1.3730160632204529,-1.0,1.318237472490217,-1.0,0.4609218436873747
231,1.3683662355523898,-1.0,1.3116753552155962,-1.0,0.4629258517034068
232,1.3636877580306734,-1.0,1.3051092534629076,-1.0,0.46492985971943884
233,1.3589786742108032,-1.0,1.2985428729945225,-1.0,0.4669338677354709
234,1.354237027648278,-1.0,1.2919763087516087,-1.0,0.468937875751503
235,1.349460861898596,-1.0,1.285414930483713,-1.0,0.47094188376753504
236,1.3446482205172559,-1.0,1.2788578414792429,-1.0,0.4729458917835671
237,1.3397971470597563,-1.0,1.2723107142550185,-1.0,0.4749498997995992
238,1.3349056850815966,-1.0,1.265773041583252,-1.0,0.47695390781563124
239,1.3299711513463082,-1.0,1.2592494024357679,-1.0,0.4789579158316633
240,1.3249855388075278,-1.0,1.2527411011022802,-1.0,0.48096192384769537
241,1.319949644301812,-1.0,1.24625041360494,-1.0,0.48296593186372744
242,1.314866655063961,-1.0,1.239781209830026,-1.0,0.4849699398797595
243,1.3097397583287742,-1.0,1.2333333944012677,-1.0,0.48697394789579157
244,1.3045721413310511,-1.0,1.2269125507876202,-1.0,0.4889779559118236
245,1.299366991305592,-1.0,1.2205175520643021,-1.0,0.49098196392785565
246,1.2941274954871969,-1.0,1.2141577406822675,-1.0,0.4929859719438877
247,1.2888568411106647,-1.0,1.2078576610229261,-1.0,0.4949899799599198
248,1.2835582154107958,-1.0,1.2015227145235,1.2010599929969856,0.49699398797595185
249,1.2782348056223898,-1.0,1.1951285206670745,-1.0,0.4989979959919839
250,1.2728897989802461,-1.0,1.1886315505849583,-1.0,0.501002004008016
251,1.267526382719165,-1.0,1.1819269018421796,-1.0,0.503006012024048
252,1.262147744073946,-1.0,1.1750413072962396,-1.0,0.5050100200400801
253,1.256757070279389,-1.0,1.1679968055407048,-1.0,0.5070140280561122
254,1.2513575485702935,-1.0,1.1607836354176742,-1.0,0.5090180360721442
255,1.2459523661814598,-1.0,1.153419763862193,-1.0,0.5110220440881763
256,1.2405438324993174,-1.0,1.1458995285555258,-1.0,0.5130260521042084
257,1.2351222820433465,-1.0,1.1382344398187547,-1.0,0.5150300601202404
258,1.2296837299594983,-1.0,1.1304273003492118,-1.0,0.5170340681362725
259,1.2242275842258736,-1.0,1.1224805361003896,-1.0,0.5190380761523046
260,1.218753252820575,-1.0,1.1144053548849484,-1.0,0.5210420841683366
261,1.213260143721703,-1.0,1.1061975636959887,-1.0,0.5230460921843687
262,1.2077476649073589,-1.0,1.0978721705771233,-1.0,0.5250501002004008
263,1.2022152243556448,-1.0,1.0894237157454651,-1.0,0.5270541082164328
264,1.1966622300446612,1.1966511647944986,1.0808662738737853,-1.0,0.5290581162324649
265,1.1910880899525105,-1.0,1.0721973078993972,-1.0,0.531062124248497
266,1.1854922120572935,-1.0,1.0634262210996477,-1.0,0.533066132264529
267,1.1798740043371114,-1.0,1.0545567430219054,-1.0,0.5350701402805611
268,1.1742328747700659,-1.0,1.04559153243802,-1.0,0.5370741482965932
269,1.1685682313342585,-1.0,1.0365404842750525,-1.0,0.5390781563126252
270,1.1628794820077906,-1.0,1.0274014090545818,-1.0,0.5410821643286573
271,1.1571660347687631,-1.0,1.0181870346346291,-1.0,0.5430861723446894
272,1.1514272975952777,-1.0,1.008894201185706,-1.0,0.5450901803607214
273,1.1456619594523436,-1.0,0.9995349206681662,-1.0,0.5470941883767535
274,1.1398579716258102,-1.0,0.9901083262056767,-1.0,0.5490981963927856
275,1.1340139045086164,-1.0,0.9806226873753464,-1.0,0.5511022044088176
276,1.1281332752404925,-1.0,0.9710822484531685,-1.0,0.5531062124248497
277,1.1222196009611687,-1.0,0.9614897567939455,-1.0,0.5551102204408818
278,1.1162763988103752,-1.0,0.9518544628471725,-1.0,0.5571142284569138
279,1.1103071859278417,-1.0,0.9421751667790554,-1.0,0.5591182364729459
280,1.104315479453299,-1.0,0.9324634810244259,-1.0,0.561122244488978
281,1.0983047965264763,-1.0,0.9227173566851602,-1.0,0.56312625250501
282,1.092278654287105,-1.0,0.9129478190479764,-1.0,0.565130260521042
283,1.0862405698749142,-1.0,0.9031548013739993,-1.0,0.567134268537074
284,1.080194060429634,-1.0,0.8933460066978003,-1.0,0.5691382765531061
285,1.0741426430909948,-1.0,0.883525997526107,-1.0,0.5711422845691382
286,1.068089834998727,-1.0,0.8736974398721462,-1.0,0.5731462925851702
287,1.0620391532925604,-1.0,0.863869451291324,-1.0,0.5751503006012023
288,1.055994115112225,-1.0,0.8540410768860097,-1.0,0.5771543086172344
289,1.049958237597451,-1.0,0.8442236665820738,-1.0,0.5791583166332664
290,1.0439343572057127,-1.0,0.8344154096535328,-1.0,0.5811623246492985
291,1.037908961767586,-1.0,0.8246271333802675,-1.0,0.5831663326653306
292,1.0318760409400884,-1.0,0.8148589441100346,-1.0,0.5851703406813626
293,1.0258362331591546,-1.0,0.805118357083269,-1.0,0.5871743486973947
294,1.0197901768607194,-1.0,0.7954101886486153,-1.0,0.5891783567134268
295,1.0137385104807186,-1.0,0.78573678552019,-1.0,0.5911823647294588
296,1.0076818724550871,-1.0,0.7761076423968524,-1.0,0.5931863727454909
297,1.00162090121976,-1.0,0.766521347771717,-1.0,0.595190380761523
298,0.9955562352106728,-1.0,0.7569897826910892,-1.0,0.597194388777555
299,0.9894885128637604,-1.0,0.7475105663896949,-1.0,0.5991983967935871
300,0.9834183726149586,-1.0,0.7380950510137084,-1.0,0.6012024048096192
301,0.977346452900202,0.9722017516127152,0.7287429600517056,-1.0,0.6032064128256512
302,0.9712733921554262,-1.0,0.7194619157681804,-1.0,0.6052104208416833
303,0.9651998288165656,-1.0,0.7102570312426323,-1.0,0.6072144288577154
304,0.9591264013195565,-1.0,0.701129974297126,-1.0,0.6092184368737474
305,0.9530537481003334,-1.0,0.6920912521774129,-1.0,0.6112224448897795
306,0.9469825075948318,-1.0,0.6831381601362988,-1.0,0.6132264529058116
307,0.9409134619144154,-1.0,0.6742840479320145,-1.0,0.6152304609218436
308,0.9348516363787175,-1.0,0.6655250126636539,-1.0,0.6172344689378757
309,0.9287977875492157,-1.0,0.6568737753710729,-1.0,0.6192384769539078
310,0.9227499007257872,-1.0,0.6483290490437831,-1.0,0.6212424849699398
311,0.9167059612083092,-1.0,0.639898847465723,-1.0,0.6232464929859719
312,0.9106639542966586,-1.0,0.6315887478448841,-1.0,0.625250501002004
313,0.904621865290713,-1.0,0.6233991498977641,-1.0,0.627254509018036
314,0.8985776794903494,-1.0,0.6153425280222105,-1.0,0.6292585170340681
315,0.8925293821954453,-1.0,0.6074136498601371,-1.0,0.6312625250501002
316,0.8864749587058772,-1.0,0.5996287208175715,-1.0,0.6332665330661322
317,0.8804123943215231,-1.0,0.5919808973000971,-1.0,0.6352705410821643
318,0.8743396743422599,-1.0,0.5844855307683176,-1.0,0.6372745490981964
319,0.8682547840679644,-1.0,0.5771393976263259,-1.0,0.6392785571142284
320,0.8621557087985143,-1.0,0.56995127923663,-1.0,0.6412825651302605
321,0.8560404338337865,-1.0,0.5629275852314284,-1.0,0.6432865731462926
322,0.8499069444736584,-1.0,0.5560663677452262,-1.0,0.6452905811623246
323,0.8437532260180072,-1.0,0.5493837850799224,-1.0,0.6472945891783567
324,0.8375774752881322,-1.0,0.542869838750145,-1.0,0.6492985971943888
325,0.8313897412904292,-1.0,0.5365461544935636,-1.0,0.6513026052104208
326,0.8251954323992616,-1.0,0.5304002633676305,-1.0,0.6533066132264529
327,0.8189931402605399,-1.0,0.5244525909555031,-1.0,0.655310621242485
328,0.8127814565201754,-1.0,0.5186961400119278,-1.0,0.657314629258517
329,0.8065589728240791,-1.0,0.5131412149739982,-1.0,0.6593186372745491
330,0.8003242808181622,-1.0,0.5077958441809244,-1.0,0.6613226452905812
331,0.794075972148336,-1.0,0.5026533855728701,-1.0,0.6633266533066132
332,0.7878126384605114,-1.0,0.49774760481496744,-1.0,0.6653306613226453
333,0.7815328714005997,-1.0,0.4930553098864811,-1.0,0.6673346693386772
334,0.7752352626145114,0.7730670692044486,0.48853537554541604,0.48783295542564276,0.6693386773547093
335,0.7689184037481583,-1.0,0.4842041949339447,-1.0,0.6713426853707414
336,0.7625808864474515,-1.0,0.47991414859287357,-1.0,0.6733466933867734
337,0.7562213023583018,-1.0,0.4756052587004509,-1.0,0.6753507014028055
338,0.7498382431266202,-1.0,0.4713072480800631,-1.0,0.6773547094188376
339,0.7434303003983184,-1.0,0.46701536333027505,-1.0,0.6793587174348696
340,0.736996065819307,-1.0,0.46273140218123876,-1.0,0.6813627254509017
341,0.7305339806109965,-1.0,0.45845588774932394,-1.0,0.6833667334669338
342,0.7240277544082203,-1.0,0.4541887187979314,-1.0,0.6853707414829658
343,0.7174713962326651,-1.0,0.44993041311931425,-1.0,0.6873747494989979
344,0.7108710118087347,-1.0,0.445680879621748,-1.0,0.68937875751503
345,0.7042327068608308,-1.0,0.4414405582325982,-1.0,0.691382765531062
346,0.6975625871133568,-1.0,0.43720950464524383,-1.0,0.6933867735470941
347,0.6908667582907149,-1.0,0.43298795581538246,-1.0,0.6953907815631262
348,0.6841513261173087,-1.0,0.42877621348916783,-1.0,0.6973947895791582
349,0.6774223963175402,-1.0,0.4245742754151312,-1.0,0.6993987975951903
350,0.6706860746158124,-1.0,0.4203826253414683,-1.0,0.7014028056112224
351,0.663948466736528,-1.0,0.41620114169459227,-1.0,0.7034068136272544
352,0.6572156784040899,-1.0,0.4120303588928355,-1.0,0.7054108216432865
353,0.650493815342901,-1.0,0.4078701746977288,-1.0,0.7074148296593186
354,0.6437889832773637,-1.0,0.403721032268241,-1.0,0.7094188376753506
355,0.6371072879318808,-1.0,0.39958299405978326,-1.0,0.7114228456913827
356,0.630454835030855,-1.0,0.3954562817220363,-1.0,0.7134268537074148
357,0.6238377302986894,-1.0,0.3913412189427325,-1.0,0.7154308617234468
358,0.617261952222522,-1.0,0.38723777778072327,-1.0,0.7174348697394789
359,0.6106937404171093,-1.0,0.3831464679666429,-1.0,0.719438877755511
360,0.6041077445109098,-1.0,0.3790671435385426,-1.0,0.721442885771543
361,0.5975104326433818,-1.0,0.3750003591362912,-1.0,0.7234468937875751
362,0.5909082729539834,-1.0,0.37094599868396677,-1.0,0.7254509018036072
363,0.5843077335821727,-1.0,0.3669045097625401,-1.0,0.7274549098196392
364,0.5777152826674078,-1.0,0.3628759623909552,-1.0,0.7294589178356713
365,0.5711373883491465,-1.0,0.35886056054028787,-1.0,0.7314629258517034
366,0.5645805187668477,-1.0,0.35485865324552385,-1.0,0.7334669338677354
367,0.5580511420599689,-1.0,0.35087018266371917,-1.0,0.7354709418837675
368,0.5515557263679683,-1.0,0.3468956891668035,-1.0,0.7374749498997996
369,0.5451007398303039,-1.0,0.34293499776407277,-1.0,0.7394789579158316
370,0.5386926505864346,-1.0,0.3389886873218925,-1.0,0.7414829659318637
371,0.5323379267758175,-1.0,0.3350566250720973,-1.0,0.7434869739478958
372,0.5260430365379114,-1.0,0.33113926403364846,-1.0,0.7454909819639278
373,0.5198144480121738,-1.0,0.3272366831834799,-1.0,0.7474949899799599
374,0.5136586293380636,-1.0,0.3233490656047414,-1.0,0.749498997995992
375,0.507582047689744,-1.0,0.31947678997359646,-1.0,0.751503006012024
376,0.5015844655420583,-1.0,0.31561976342886106,-1.0,0.7535070140280561
377,0.49565762182403317,0.4904270058092009,0.31177856250488306,-1.0,0.7555110220440882
378,0.4897955593630023,-1.0,0.3079529777932216,-1.0,0.7575150300601202
379,0.48399232098630035,-1.0,0.3041436169259748,-1.0,0.7595190380761523
380,0.47824194952126087,-1.0,0.3003503273560157,-1.0,0.7615230460921844
381,0.4725384877952178,-1.0,0.2965735683613755,-1.0,0.7635270541082164
382,0.4668759786355047,-1.0,0.2928134300002118,-1.0,0.7655310621242485
383,0.46124846486945614,-1.0,0.28907007022036796,-1.0,0.7675350701402806
384,0.4556499893244057,-1.0,0.28534390273249327,-1.0,0.7695390781563125
385,0.4500745948276872,-1.0,0.2816347934118742,-1.0,0.7715430861723446
386,0.44451632420663467,-1.0,0.2779433615723601,-1.0,0.7735470941883766
387,0.4389692202885818,-1.0,0.2742693570314075,-1.0,0.7755511022044087
388,0.4334273259008629,-1.0,0.2706134214300851,-1.0,0.7775551102204408
389,0.4278846838708118,-1.0,0.2669753790330737,-1.0,0.7795591182364728
390,0.42233533702576215,-1.0,0.26335569597188646,-1.0,0.7815631262525049
391,0.4167733281930479,-1.0,0.2597544764293512,-1.0,0.783567134268537
392,0.4111927002000032,-1.0,0.25617184764952555,-1.0,0.785571142284569
393,0.40560785455052223,-1.0,0.2526082651688019,-1.0,0.7875751503006011
394,0.4000386522453452,-1.0,0.2490635459075264,-1.0,0.7895791583166332
395,0.3944836654334001,-1.0,0.2455383600004045,-1.0,0.7915831663326652
396,0.3889414474058091,-1.0,0.24203240886080568,-1.0,0.7935871743486973
397,0.3834105514536958,-1.0,0.2385463743226381,-1.0,0.7955911823647294
398,0.3778895308681822,-1.0,0.23508005360567477,-1.0,0.7975951903807614
399,0.3723769389403914,-1.0,0.23163392017375084,-1.0,0.7995991983967935
400,0.3668713289614458,-1.0,0.22820809609511894,-1.0,0.8016032064128256
401,0.3613712542224684,-1.0,0.22480267109259236,-1.0,0.8036072144288576
402,0.3558752680145819,-1.0,0.22141815098749468,-1.0,0.8056112224448897
403,0.35038192362890885,-1.0,0.21805429415152455,-1.0,0.8076152304609218
404,0.3448897743565718,-1.0,0.21471183147680603,-1.0,0.8096192384769538
405,0.33939737348869387,-1.0,0.21139040662995193,-1.0,0.8116232464929859
406,0.33390327431639766,-1.0,0.20809074910161696,-1.0,0.813627254509018
407,0.3284060301308058,0.3256441402908192,0.20481262458331642,-1.0,0.81563126252505
408,0.32290419422304095,-1.0,0.20155651444952183,-1.0,0.8176352705410821
409,0.3173963198842257,-1.0,0.19832256267378745,-1.0,0.8196392785571142
410,0.31182507480557703,-1.0,0.19511081365810407,-1.0,0.8216432865731462
411,0.3061315818380401,-1.0,0.19192183397861848,-1.0,0.8236472945891783
412,0.3003413650914178,-1.0,0.18875531129202602,-1.0,0.8256513026052104
413,0.2944803398300681,-1.0,0.18561204977241413,-1.0,0.8276553106212424
414,0.28857442131835026,-1.0,0.18249162363698593,-1.0,0.8296593186372745
415,0.2826495248206225,-1.0,0.17939481927881848,-1.0,0.8316633266533066
416,0.27673156560124346,-1.0,0.17632136548531852,-1.0,0.8336673346693386
417,0.2708464589245715,-1.0,0.17327175192503225,-1.0,0.8356713426853707
418,0.26502012005496517,-1.0,0.1702461499188999,-1.0,0.8376753507014028
419,0.2592784642567834,-1.0,0.167244548314817,-1.0,0.8396793587174348
420,0.2536474067943844,-1.0,0.16426758805998973,-1.0,0.8416833667334669
421,0.2481528629321268,0.24137290046392534,0.16131487034306805,-1.0,0.843687374749499
422,0.24282074793436892,-1.0,0.15838728878399552,-1.0,0.845691382765531
423,0.23767697706547,-1.0,0.15548433310151072,-1.0,0.8476953907815631
424,0.23274746558978765,-1.0,0.152606858386938,-1.0,0.8496993987975952
425,0.22805812877168097,-1.0,0.14975454984435832,-1.0,0.8517034068136272
426,0.22363488187550878,-1.0,0.14692790557542248,-1.0,0.8537074148296593
427,0.2194586435652649,-1.0,0.14412713170223052,-1.0,0.8557114228456913
428,0.2154595153138787,-1.0,0.14135214781123795,-1.0,0.8577154308617234
429,0.2116193594086717,-1.0,0.13860368734826825,-1.0,0.8597194388777555
430,0.20792076546429028,-1.0,0.13588124410504887,-1.0,0.8617234468937875
431,0.20434632309538098,-1.0,0.1331858226067434,-1.0,0.8637274549098196
432,0.20087862191658903,-1.0,0.1305168081150548,-1.0,0.8657314629258517
433,0.19750025154256104,-1.0,0.12787513999171227,-1.0,0.8677354709418837
434,0.19419380158794328,-1.0,0.12526045121073956,-1.0,0.8697394789579158
435,0.1909418616673813,-1.0,0.12267324814715994,-1.0,0.8717434869739479
436,0.18772702139552175,-1.0,0.12011378208347477,-1.0,0.8737474949899798
437,0.18453187038701008,-1.0,0.11758188453349727,-1.0,0.8757515030060119
438,0.18133899825649277,-1.0,0.11507840628313733,-1.0,0.877755511022044
439,0.1781309946186162,-1.0,0.11260270502116591,-1.0,0.879759519038076
440,0.17489044908802573,-1.0,0.11015592566346685,-1.0,0.8817635270541081
441,0.17159995127936814,-1.0,0.10773732154858287,-1.0,0.8837675350701402
442,0.16824209080728894,-1.0,0.10534793771407791,-1.0,0.8857715430861722
443,0.16479945728643444,-1.0,0.1029873431560513,-1.0,0.8877755511022043
444,0.16127379372491554,0.16100052996089526,0.10065605199483521,-1.0,0.8897795591182364
445,0.1576974985611297,-1.0,0.09835437543519088,-1.0,0.8917835671342684
446,0.1540802107337335,-1.0,0.09608203023797857,-1.0,0.8937875751503005
447,0.1504309468157769,-1.0,0.09384001985754786,-1.0,0.8957915831663326
448,0.14675872338030882,-1.0,0.09162752490067921,-1.0,0.8977955911823646
449,0.14307255700037957,-1.0,0.08944587294987227,-1.0,0.8997995991983967
450,0.13938146424903802,-1.0,0.08729414586669247,-1.0,0.9018036072144288
451,0.1356944616993342,-1.0,0.0851735252731076,-1.0,0.9038076152304608
452,0.13202056592431802,-1.0,0.08308349927046388,-1.0,0.9058116232464929
453,0.12836879349703836,-1.0,0.08102458875785166,-1.0,0.907815631262525
454,0.12474816099054559,-1.0,0.0789971866813737,-1.0,0.909819639278557
455,0.12116768497788857,-1.0,0.07700085550779477,-1.0,0.9118236472945891
456,0.1176363820321173,-1.0,0.07503680407708585,-1.0,0.9138276553106212
457,0.11416326872628169,-1.0,0.07310397433845778,-1.0,0.9158316633266532
458,0.1107573616334307,-1.0,0.07120394053895775,-1.0,0.9178356713426853
459,0.1074276773266146,-1.0,0.0693355527178087,-1.0,0.9198396793587174
460,0.10418323237888232,-1.0,0.06750017657696461,-1.0,0.9218436873747494
461,0.1010059399432279,-1.0,0.06569719312935812,-1.0,0.9238476953907815
462,0.09784472258026096,-1.0,0.06392712865698817,-1.0,0.9258517034068136
463,0.09470221203902848,-1.0,0.06219049179007514,-1.0,0.9278557114228456
464,0.09158290352804739,-1.0,0.060486628530967736,-1.0,0.9298597194388777
465,0.08849129225583466,-1.0,0.05881703696630489,-1.0,0.9318637274549098
466,0.08543187343090636,-1.0,0.05718032135655522,-1.0,0.9338677354709418
467,0.08240914226177971,-1.0,0.05557840673176872,-1.0,0.9358717434869739
468,0.07942759395697083,-1.0,0.054009811911339946,-1.0,0.937875751503006
469,0.07649172372499664,-1.0,0.052476165938448026,-1.0,0.939879759519038
470,0.0736060267743741,-1.0,0.05097669812303972,-1.0,0.9418837675350701
471,0.07077499831361926,0.0677340167201215,0.049511938762361984,-1.0,0.9438877755511021
472,0.06800313355124936,-1.0,0.04808256889461398,-1.0,0.9458917835671342
473,0.06529492769578055,-1.0,0.046687611955096193,-1.0,0.9478957915831663
474,0.06265487595572972,-1.0,0.04532900106586611,-1.0,0.9498997995991983
475,0.060087473539613766,-1.0,0.044004827707607316,-1.0,0.9519038076152304
476,0.057597215655948886,-1.0,0.04271755508165576,-1.0,0.9539078156312625
477,0.05518859751325197,-1.0,0.041465188382482907,-1.0,0.9559118236472945
478,0.052894992199382936,-1.0,0.04024976867313644,-1.0,0.9579158316633266
479,0.05077617189731012,-1.0,0.03907028660074547,-1.0,0.9599198396793587
480,0.04880829963469121,-1.0,0.037927277911989396,-1.0,0.9619238476953907
481,0.046963847476467584,-1.0,0.03682170116873975,-1.0,0.9639278557114228
482,0.04521528748758122,-1.0,0.035752053038303595,-1.0,0.9659318637274549
483,0.04353509173297405,-1.0,0.03472099080764532,-1.0,0.9679358717434869
484,0.04189573227758753,-1.0,0.03372573630323891,-1.0,0.969939879759519
485,0.04026968118636374,-1.0,0.03276968416046056,-1.0,0.9719438877755511
486,0.03862941052424415,-1.0,0.03184993047882271,-1.0,0.9739478957915831
487,0.03694739235617069,-1.0,0.030969263204629855,-1.0,0.9759519038076151
488,0.035196098747085305,-1.0,0.030126224515972137,-1.0,0.9779559118236472
489,0.03334800176192943,-1.0,0.029321377143094362,-1.0,0.9799599198396792
490,0.031375573465645,-1.0,0.02855618504546394,-1.0,0.9819639278557113
491,0.029251285923173997,-1.0,0.027828141364810256,-1.0,0.9839679358717434
492,0.02694761119945779,-1.0,0.027141340777787185,-1.0,0.9859719438877754
493,0.0244370213594386,-1.0,0.026491208970358063,-1.0,0.9879759519038075
494,0.02169198846805772,0.020822321626053544,0.025883151706783736,-1.0,0.9899799599198396
495,0.018513929471084437,-1.0,0.025312197873493644,-1.0,0.9919839679358716
496,0.014519258120986249,-1.0,0.02478294230655413,-1.0,0.9939879759519037
497,0.009930301751925922,-1.0,0.024292713566226132,-1.0,0.9959919839679358
498,0.005004676874674179,-1.0,0.023842314145687042,-1.0,0.9979959919839678
499,0.0,-1.0,0.02343433510897073,-1.0,1.0
