,velocity,vel_ori,density,den_ori,eta
0,0.0,0.0,4.031491683534346,-1.0,0.0
1,0.10426560697778774,0.3146491914578067,4.006971185235825,-1.0,0.002004008016032064
2,0.20747473633264493,-1.0,3.9824506869372964,-1.0,0.004008016032064128
3,0.3089193241941951,-1.0,3.9579301886387683,-1.0,0.0060120240480961915
4,0.40789130669206214,-1.0,3.933409690340234,-1.0,0.008016032064128256
5,0.5036826199558694,-1.0,3.908889192041706,-1.0,0.01002004008016032
6,0.5955852001152405,-1.0,3.884368693743178,-1.0,0.012024048096192383
7,0.6828909832997991,-1.0,3.8598481954446497,-1.0,0.014028056112224447
8,0.7648919056391688,-1.0,3.8353276971461217,-1.0,0.01603206412825651
9,0.8408799032629733,-1.0,3.8108071988475936,-1.0,0.018036072144288574
10,0.9101469123008361,1.1639819739942636,3.7862867005490655,-1.0,0.02004008016032064
11,0.9719848688823809,-1.0,3.7617662022505374,-1.0,0.022044088176352703
12,1.0256857091372311,-1.0,3.7372457039520093,-1.0,0.024048096192384766
13,1.0705413691950105,-1.0,3.7127252056534874,-1.0,0.026052104208416832
14,1.1058437851853427,-1.0,3.688204707354953,-1.0,0.028056112224448895
15,1.1308848932378515,-1.0,3.663684209056425,-1.0,0.03006012024048096
16,1.14495662948216,-1.0,3.6391637107578965,-1.0,0.03206412825651302
17,1.1508137111837815,-1.0,3.6146432124593684,-1.0,0.03406813627254509
18,1.1555356767211942,1.1324437100486096,3.5901227141608403,-1.0,0.03607214428857715
19,1.1594759725909094,-1.0,3.565602215862312,-1.0,0.038076152304609215
20,1.1627545828340413,-1.0,3.541081717563784,-1.0,0.04008016032064128
21,1.165491491491705,-1.0,3.516561219265256,-1.0,0.04208416833667334
22,1.1678066826050153,-1.0,3.492040720966728,-1.0,0.044088176352705406
23,1.169820140215087,-1.0,3.4675202226682,-1.0,0.04609218436873747
24,1.1716518483630347,-1.0,3.4429997243696717,-1.0,0.04809619238476953
25,1.1734217910899738,-1.0,3.4184792260711436,-1.0,0.0501002004008016
26,1.1752499524370186,-1.0,3.3939587277726155,-1.0,0.052104208416833664
27,1.1772563164452836,1.0066573782653603,3.3694382294740874,-1.0,0.05410821643286573
28,1.1795608671558846,-1.0,3.3449177311755594,-1.0,0.05611222444889779
29,1.1822835886099354,-1.0,3.3203972328770313,-1.0,0.058116232464929855
30,1.1855444648485516,-1.0,3.295876734578497,-1.0,0.06012024048096192
31,1.1894634799128476,-1.0,3.271356236279969,-1.0,0.06212424849699398
32,1.1941606178439383,-1.0,3.2468357379814408,-1.0,0.06412825651302605
33,1.2009676623580252,-1.0,3.2223152396829127,-1.0,0.06613226452905811
34,1.2147966821807263,-1.0,3.1977947413843846,-1.0,0.06813627254509018
35,1.2352334318018585,-1.0,3.1732742430858565,-1.0,0.07014028056112225
36,1.2612123960824844,1.415554637560762,3.148753744787328,-1.0,0.0721442885771543
37,1.2916680598836672,-1.0,3.1242332464888,-1.0,0.07414829659318636
38,1.3255349080664711,-1.0,3.0997127481902718,-1.0,0.07615230460921843
39,1.361747425491959,-1.0,3.0751922498917437,-1.0,0.0781563126252505
40,1.3992400970211945,-1.0,3.0506717515932156,-1.0,0.08016032064128256
41,1.4369474075152406,-1.0,3.0261512532946875,-1.0,0.08216432865731463
42,1.4738038418351618,-1.0,3.0016307549961594,-1.0,0.08416833667334668
43,1.5087438848420205,-1.0,2.9771102566976313,-1.0,0.08617234468937875
44,1.54070202139688,-1.0,2.952589758399103,-1.0,0.08817635270541081
45,1.568612736360805,1.5728792332896653,2.928069260100575,-1.0,0.09018036072144288
46,1.5914105145948574,-1.0,2.903548761802047,-1.0,0.09218436873747494
47,1.6080298409601015,-1.0,2.879028263503519,-1.0,0.09418837675350701
48,1.6174052003176005,-1.0,2.854507765204991,-1.0,0.09619238476953906
49,1.6190703992550894,-1.0,2.8299872669064565,-1.0,0.09819639278557113
50,1.6185676199920702,-1.0,2.8054667686079346,-1.0,0.1002004008016032
51,1.6175575805589997,-1.0,2.7809462703094066,-1.0,0.10220440881763526
52,1.616115668122411,-1.0,2.7564257720108785,-1.0,0.10420841683366733
53,1.6143172698488357,-1.0,2.7319052737123504,-1.0,0.1062124248496994
54,1.612237772904806,1.66712730112726,2.7073847754138223,-1.0,0.10821643286573146
55,1.609952564456855,-1.0,2.682864277115294,-1.0,0.11022044088176351
56,1.607537031671514,-1.0,2.658344371292192,-1.0,0.11222444889779558
57,1.605066561715316,-1.0,2.633869160234402,2.6277687519537647,0.11422845691382764
58,1.6026165417547926,-1.0,2.6090248824030393,-1.0,0.11623246492985971
59,1.6002623589564764,-1.0,2.5834660200846615,-1.0,0.11823647294589178
60,1.5980794004869,-1.0,2.5571019303642117,-1.0,0.12024048096192384
61,1.596143053512595,-1.0,2.5300295781644344,-1.0,0.1222444889779559
62,1.5945287052000936,-1.0,2.502317994924929,-1.0,0.12424849699398796
63,1.5933117427159287,1.5728792332896653,2.474037794857649,-1.0,0.12625250501002003
64,1.5925675532266321,-1.0,2.4452602312621647,-1.0,0.1282565130260521
65,1.5924563516274284,-1.0,2.4160539520503446,-1.0,0.13026052104208416
66,1.5967397819627158,-1.0,2.3864877307589305,-1.0,0.13226452905811623
67,1.6068402677632427,-1.0,2.356630448073621,-1.0,0.1342685370741483
68,1.6219754153553863,-1.0,2.3265510438459716,-1.0,0.13627254509018036
69,1.6413628310655233,-1.0,2.2963184749375727,-1.0,0.13827655310621242
70,1.664220121220031,-1.0,2.2660016929456854,-1.0,0.1402805611222445
71,1.6897648921452857,1.8244518968561634,2.235671630326398,-1.0,0.14228456913827653
72,1.7172147501676653,-1.0,2.205398577562404,-1.0,0.1442885771543086
73,1.7457873016135461,-1.0,2.1752514647271255,-1.0,0.14629258517034066
74,1.7747001528093056,-1.0,2.1452992442635015,-1.0,0.14829659318637273
75,1.8031709100813205,-1.0,2.1156108515325243,-1.0,0.1503006012024048
76,1.8304171797559678,-1.0,2.0862551628234893,-1.0,0.15230460921843686
77,1.8556565681596242,-1.0,2.0573009478437974,-1.0,0.15430861723446893
78,1.8781066816186678,-1.0,2.0288170493066686,-1.0,0.156312625250501
79,1.8969851264594735,-1.0,2.0008751848384407,-1.0,0.15831663326653306
80,1.9115095090084206,1.9186999646937586,1.9735453154004405,-1.0,0.16032064128256512
81,1.9208974355918849,-1.0,1.946896456201596,-1.0,0.1623246492985972
82,1.9271337449301875,-1.0,1.9209975277502598,-1.0,0.16432865731462926
83,1.933165552807329,-1.0,1.8959172910022977,-1.0,0.16633266533066132
84,1.9389711270804046,-1.0,1.8717242591045873,-1.0,0.16833667334669336
85,1.944523877482392,-1.0,1.8484865715384984,-1.0,0.17034068136272543
86,1.9497972137462705,-1.0,1.8262730477549969,-1.0,0.1723446893787575
87,1.9547645456050173,-1.0,1.8051574340480085,-1.0,0.17434869739478956
88,1.9593992827916114,-1.0,1.7852095748553596,-1.0,0.17635270541082163
89,1.963674835039032,1.9817764925850667,1.7664984911453565,-1.0,0.1783567134268537
90,1.9675646120802557,-1.0,1.7490929012646856,-1.0,0.18036072144288576
91,1.9710420236482626,-1.0,1.7330609870126803,-1.0,0.18236472945891782
92,1.974080479476031,-1.0,1.7184699507764063,-1.0,0.1843687374749499
93,1.976653389296538,-1.0,1.7053850971931506,-1.0,0.18637274549098196
94,1.9787341628427635,-1.0,1.6938752966750497,-1.0,0.18837675350701402
95,1.980296209847685,-1.0,1.6840267208746365,-1.0,0.1903807615230461
96,1.981312940044281,-1.0,1.6759767983713652,1.6752424769526535,0.19238476953907813
97,1.9817577631655305,-1.0,1.668935322445212,-1.0,0.1943887775551102
98,1.9817764925850667,1.9817764925850667,1.6623530648724363,-1.0,0.19639278557114226
99,1.9817764925850667,-1.0,1.6560590045361652,-1.0,0.19839679358717432
100,1.9817764925850667,-1.0,1.6500663536546802,-1.0,0.2004008016032064
101,1.9817764925850667,-1.0,1.644360935193628,-1.0,0.20240480961923846
102,1.9817764925850667,-1.0,1.6389287319374939,-1.0,0.20440881763527052
103,1.9817764925850667,-1.0,1.6337556084043805,-1.0,0.2064128256513026
104,1.9817764925850667,-1.0,1.6288272867944809,-1.0,0.20841683366733466
105,1.9817764925850667,-1.0,1.624129520050689,-1.0,0.21042084168336672
106,1.9817764925850667,-1.0,1.6196480963405866,-1.0,0.2124248496993988
107,1.9817764925850667,1.9817764925850667,1.615368842884619,-1.0,0.21442885771543085
108,1.9817764925850667,-1.0,1.611277628446243,-1.0,0.21643286573146292
109,1.9817764925850667,-1.0,1.6073603560449863,-1.0,0.21843687374749496
110,1.9817764925850667,-1.0,1.603602761058942,-1.0,0.22044088176352702
111,1.9817764925850667,-1.0,1.5999905523868903,-1.0,0.2224448897795591
112,1.9817764925850667,-1.0,1.5965095168328338,-1.0,0.22444889779559116
113,1.9817764925850667,-1.0,1.5931454843670594,-1.0,0.22645290581162322
114,1.9817764925850667,-1.0,1.5898843262158915,-1.0,0.2284569138276553
115,1.9817764925850667,-1.0,1.5867119487081174,-1.0,0.23046092184368736
116,1.9817764925850667,1.9817764925850667,1.5836142824322073,-1.0,0.23246492985971942
117,1.9817764925850667,-1.0,1.5805771850226347,-1.0,0.2344689378757515
118,1.9817764925850667,-1.0,1.5775860578319632,-1.0,0.23647294589178355
119,1.9817764925850667,-1.0,1.5746266739739343,-1.0,0.23847695390781562
120,1.9817764925850667,-1.0,1.5716849220125029,-1.0,0.24048096192384769
121,1.9817764925850667,-1.0,1.568746714014665,-1.0,0.24248496993987975
122,1.9817764925850667,-1.0,1.5657979681794134,-1.0,0.2444889779559118
123,1.9817764925850667,-1.0,1.5628245907177847,-1.0,0.24649298597194386
124,1.9817764925850667,-1.0,1.5598124593190956,-1.0,0.24849699398797592
125,1.9817764925850667,1.9817764925850667,1.5567472513740008,-1.0,0.250501002004008
126,1.9817764925850667,-1.0,1.553614428001509,-1.0,0.25250501002004005
127,1.9817764925850667,-1.0,1.5503999061039262,-1.0,0.2545090180360721
128,1.9817764925850667,-1.0,1.5470896111026058,-1.0,0.2565130260521042
129,1.9817764925850667,-1.0,1.5436694400267323,-1.0,0.25851703406813625
130,1.9817440988625294,-1.0,1.5401252523188216,-1.0,0.2605210420841683
131,1.981275156666463,-1.0,1.5364428652311117,-1.0,0.2625250501002004
132,1.9802870101671242,-1.0,1.532608053177989,-1.0,0.26452905811623245
133,1.9788290803299209,1.9817764925850667,1.5286065046521609,-1.0,0.2665330661322645
134,1.9769507881202621,-1.0,1.5244240198993007,-1.0,0.2685370741482966
135,1.9747015545035553,-1.0,1.5200464973915697,-1.0,0.27054108216432865
136,1.97213080044521,-1.0,1.5154597935936418,-1.0,0.2725450901803607
137,1.9692879469106341,-1.0,1.5106497240283938,-1.0,0.2745490981963928
138,1.9662224148652365,-1.0,1.5056023878846712,-1.0,0.27655310621242485
139,1.9629836252744253,-1.0,1.5003016735533725,1.500149087962495,0.2785571142284569
140,1.9596209991036084,-1.0,1.4947210962791708,-1.0,0.280561122244489
141,1.9561839573181952,-1.0,1.4888432748333367,-1.0,0.282565130260521
142,1.9527219208835935,-1.0,1.4826821714376592,-1.0,0.28456913827655306
143,1.949284310765212,1.9502382286394122,1.4762497473671017,-1.0,0.2865731462925851
144,1.9459205479284591,-1.0,1.469558072438009,-1.0,0.2885771543086172
145,1.9426800533387434,-1.0,1.4626192787773453,-1.0,0.29058116232464926
146,1.9396101924363283,-1.0,1.4554455454909014,-1.0,0.2925851703406813
147,1.9365910223729201,-1.0,1.4480490843865654,-1.0,0.2945891783567134
148,1.9335252204222644,-1.0,1.4404422222092044,-1.0,0.29659318637274545
149,1.9304071555735636,-1.0,1.432637883938596,-1.0,0.2985971943887775
150,1.9272311968160198,-1.0,1.4246483307505549,-1.0,0.3006012024048096
151,1.923991713138837,1.9186999646937586,1.416485697994575,-1.0,0.30260521042084165
152,1.9206830735312177,-1.0,1.4081621558499215,-1.0,0.3046092184368737
153,1.9172996469823644,-1.0,1.3996899000417722,-1.0,0.3066132264529058
154,1.91383580248148,-1.0,1.3910811444505764,-1.0,0.30861723446893785
155,1.910285909017768,-1.0,1.3823481150655375,-1.0,0.3106212424849699
156,1.90664433558043,-1.0,1.3735031990568138,-1.0,0.312625250501002
157,1.9029054511586698,-1.0,1.3645591043069176,-1.0,0.31462925851703405
158,1.89906362474169,-1.0,1.3555280506255416,-1.0,0.3166332665330661
159,1.895113225318693,-1.0,1.34642223539447,-1.0,0.3186372745490982
160,1.8910486218788825,1.8875284247474722,1.3372538688839544,-1.0,0.32064128256513025
161,1.8868641834114606,-1.0,1.3280351694218167,-1.0,0.3226452905811623
162,1.88255427890563,-1.0,1.3187783589983528,-1.0,0.3246492985971944
163,1.8780264591009865,-1.0,1.3094956591252338,-1.0,0.32665330661322645
164,1.8731813661201941,-1.0,1.3001995355060356,-1.0,0.3286573146292585
165,1.8680531562154257,-1.0,1.2909025651692627,-1.0,0.3306613226452906
166,1.8626767256511365,-1.0,1.2816169675951186,-1.0,0.33266533066132264
167,1.8570869706917812,-1.0,1.27235496309035,-1.0,0.33466933867735466
168,1.8513187876018156,-1.0,1.263128771927918,-1.0,0.3366733466933867
169,1.8454070726456948,1.8559901608018177,1.2539506101958695,-1.0,0.3386773547094188
170,1.8393867220878735,-1.0,1.2448326854212115,-1.0,0.34068136272545085
171,1.8332926321928078,-1.0,1.2357871976231105,-1.0,0.3426853707414829
172,1.8271596992249521,-1.0,1.226826753743174,-1.0,0.344689378757515
173,1.8210228194487619,-1.0,1.2179638331245706,-1.0,0.34669338677354705
174,1.8149168891286922,-1.0,1.2092106632834763,-1.0,0.3486973947895791
175,1.8088768045291983,-1.0,1.2005794638646692,-1.0,0.3507014028056112
176,1.8029374619147358,-1.0,1.1920824415122195,-1.0,0.35270541082164325
177,1.7971337575497592,1.792913632910509,1.1837317838406731,-1.0,0.3547094188376753
178,1.791500587698724,-1.0,1.1755396521369375,-1.0,0.3567134268537074
179,1.7860682778914416,-1.0,1.1675182347054949,-1.0,0.35871743486973945
180,1.7808248746487416,-1.0,1.1596803588379467,-1.0,0.3607214428857715
181,1.7757356280096785,-1.0,1.1520384397732317,-1.0,0.3627254509018036
182,1.7707655715170836,-1.0,1.1446046976570223,-1.0,0.36472945891783565
183,1.7658797387137886,-1.0,1.1373936821521349,-1.0,0.3667334669338677
184,1.7610431631426244,-1.0,1.130406712570598,1.130355498194239,0.3687374749498998
185,1.7562208783464226,-1.0,1.1236052795974443,-1.0,0.37074148296593185
186,1.7513779178680144,1.7302038290185686,1.1169095785445047,-1.0,0.3727454909819639
187,1.7464793152502311,-1.0,1.110316479082876,-1.0,0.374749498997996
188,1.7414901040359043,-1.0,1.1038215421788866,-1.0,0.37675350701402804
189,1.736375317767865,-1.0,1.0974198950357084,-1.0,0.3787575150300601
190,1.7310999899889443,-1.0,1.0911066807239285,-1.0,0.3807615230460922
191,1.7256291542419742,-1.0,1.084877047951557,-1.0,0.38276553106212424
192,1.7199278440697856,-1.0,1.0787261506814503,-1.0,0.38476953907815625
193,1.7139610930152098,-1.0,1.072649147627815,-1.0,0.3867735470941883
194,1.7076939346210784,-1.0,1.0666412016300428,-1.0,0.3887775551102204
195,1.7010619794525197,1.6986655650729143,1.0606974097162718,-1.0,0.39078156312625245
196,1.6938907543661923,-1.0,1.0548127990807672,-1.0,0.3927855711422845
197,1.6862080262748043,-1.0,1.0489825164148314,-1.0,0.3947895791583166
198,1.6780746047474409,-1.0,1.0432017159953717,-1.0,0.39679358717434865
199,1.669551299353187,-1.0,1.0374655562337094,-1.0,0.3987975951903807
200,1.660698919661128,-1.0,1.0317691988581044,-1.0,0.4008016032064128
201,1.6515782752403483,-1.0,1.0261078079949142,-1.0,0.40280561122244485
202,1.6422501756599335,-1.0,1.0204765486808545,-1.0,0.4048096192384769
203,1.6327754304889686,-1.0,1.0148704529408747,-1.0,0.406813627254509
204,1.6232148492965384,1.6355890371816058,1.0092845757559339,-1.0,0.40881763527054105
205,1.6136292416517284,-1.0,1.0037140768075745,-1.0,0.4108216432865731
206,1.6040794171236235,-1.0,0.9981541182301842,-1.0,0.4128256513026052
207,1.5946261852813086,-1.0,0.9925998635655378,-1.0,0.41482965931863724
208,1.5853303556938694,-1.0,0.9870464766785593,-1.0,0.4168336673346693
209,1.5762527379303901,-1.0,0.9814891206599761,-1.0,0.4188376753507014
210,1.5674541415599565,-1.0,0.9759229460791996,-1.0,0.42084168336673344
211,1.5589893105464023,-1.0,0.9703429424535271,-1.0,0.4228456913827655
212,1.5507919123190066,1.541340969344011,0.9647442142614386,-1.0,0.4248496993987976
213,1.542797467116538,-1.0,0.9591219263302866,-1.0,0.42685370741482964
214,1.534968539943732,-1.0,0.953471242742432,-1.0,0.4288577154308617
215,1.5272676958053235,-1.0,0.9477873257813298,-1.0,0.4308617234468938
216,1.5196574997060475,-1.0,0.9420653349429551,-1.0,0.43286573146292584
217,1.5121005166506383,-1.0,0.9363004260327585,-1.0,0.4348697394789579
218,1.5045593116438316,-1.0,0.9304877211595441,-1.0,0.4368737474949899
219,1.4969964496903623,-1.0,0.924622220270753,-1.0,0.438877755511022
220,1.4893744957949646,-1.0,0.9186990656885251,-1.0,0.44088176352705405
221,1.4816560149623736,-1.0,0.9127134205854982,-1.0,0.4428857715430861
222,1.4738035721973248,1.4782644414527024,0.9066604444807763,-1.0,0.4448897795591182
223,1.4657797325045525,-1.0,0.9005352938890304,-1.0,0.44689378757515025
224,1.4575470608887922,-1.0,0.8943332514742494,0.8886901435984531,0.4488977955911823
225,1.449068122354778,-1.0,0.8880488001157043,-1.0,0.4509018036072144
226,1.4403054819072454,-1.0,0.8816666404181996,-1.0,0.45290581162324645
227,1.4312208780483517,-1.0,0.8751797313069208,-1.0,0.4549098196392785
228,1.4216659288384972,-1.0,0.8685908508478091,-1.0,0.4569138276553106
229,1.4115999012573288,-1.0,0.8619028209963538,-1.0,0.45891783567134264
230,1.4010926443913028,-1.0,0.8551184058191862,-1.0,0.4609218436873747
231,1.3902140073268752,1.3840163736151077,0.8482403738211421,-1.0,0.4629258517034068
232,1.3790338391505013,-1.0,0.8412714972625644,-1.0,0.46492985971943884
233,1.3676219889486378,-1.0,0.8342145515667655,-1.0,0.4669338677354709
234,1.3560483058077402,-1.0,0.8270724193217592,-1.0,0.468937875751503
235,1.3443826388142655,-1.0,0.8198479736766532,-1.0,0.47094188376753504
236,1.3326948370546687,-1.0,0.8125439792106534,-1.0,0.4729458917835671
237,1.3210547496154064,-1.0,0.8051632042849948,-1.0,0.4749498997995992
238,1.3095322255829343,-1.0,0.7977084204952679,-1.0,0.47695390781563124
239,1.2981971140437087,-1.0,0.7901824021848821,-1.0,0.4789579158316633
240,1.287119264084185,1.289768305777513,0.7825879260105755,-1.0,0.48096192384769537
241,1.27636852479082,-1.0,0.7749277752887365,-1.0,0.48296593186372744
242,1.2660147452500694,-1.0,0.7672048479255749,-1.0,0.4849699398797595
243,1.2561277745483896,-1.0,0.7594219673528838,-1.0,0.48697394789579157
244,1.246734105595173,-1.0,0.7515819054257207,-1.0,0.4889779559118236
245,1.2377569974453515,-1.0,0.7436874363376673,-1.0,0.49098196392785565
246,1.2291328835528952,-1.0,0.7357413362514983,-1.0,0.4929859719438877
247,1.220798716602019,-1.0,0.7277463829606625,-1.0,0.4949899799599198
248,1.2126914492769378,1.1951535139405502,0.7197053555767409,-1.0,0.49699398797595185
249,1.2047480342618666,-1.0,0.711621050914664,-1.0,0.4989979959919839
250,1.19690542424102,-1.0,0.7034963634677998,-1.0,0.501002004008016
251,1.1891005718986136,-1.0,0.6953340906567987,-1.0,0.503006012024048
252,1.1812704299188614,-1.0,0.6871370088043164,-1.0,0.5050100200400801
253,1.1733519509859787,-1.0,0.6789078955730694,-1.0,0.5070140280561122
254,1.1652820877841805,-1.0,0.6706495296849233,-1.0,0.5090180360721442
255,1.1569977929976818,-1.0,0.662364690654605,-1.0,0.5110220440881763
256,1.148436019310697,-1.0,0.6540561585350179,-1.0,0.5130260521042084
257,1.1395337194074417,1.1324437100486096,0.6457267484021884,-1.0,0.5150300601202404
258,1.13022784597213,-1.0,0.6373793410446207,-1.0,0.5170340681362725
259,1.1204553516889777,-1.0,0.6290167211420412,-1.0,0.5190380761523046
260,1.1101139778942808,-1.0,0.6206416675446477,-1.0,0.5210420841683366
261,1.099081451951622,-1.0,0.612256959659834,-1.0,0.5230460921843687
262,1.0874275551267603,-1.0,0.6038653772095189,-1.0,0.5250501002004008
263,1.0752343536722853,-1.0,0.595469699991522,-1.0,0.5270541082164328
264,1.0625839138407904,-1.0,0.5870727076426566,-1.0,0.5290581162324649
265,1.049558301884867,-1.0,0.5786772401510374,-1.0,0.531062124248497
266,1.036239584057106,1.0381956422110146,0.5702861562460237,-1.0,0.533066132264529
267,1.0227098266100998,-1.0,0.5619022360317951,-1.0,0.5350701402805611
268,1.0090510957964403,-1.0,0.5535282593609775,-1.0,0.5370741482965932
269,0.9953454578687179,-1.0,0.5451670059418141,-1.0,0.5390781563126252
270,0.9816749790795261,-1.0,0.5368212550982364,-1.0,0.5410821643286573
271,0.968121725681455,-1.0,0.5284937855248212,-1.0,0.5430861723446894
272,0.9547677639270977,-1.0,0.5201873769716023,-1.0,0.5450901803607214
273,0.9416951600690455,-1.0,0.5119048998047571,-1.0,0.5470941883767535
274,0.928985980359889,-1.0,0.5036491849388172,-1.0,0.5490981963927856
275,0.9167222910522212,0.9120425864283976,0.49542301245873155,-1.0,0.5511022044088176
276,0.9049182948501915,-1.0,0.48722916184041143,-1.0,0.5531062124248497
277,0.8931588882365352,-1.0,0.47907041169201464,-1.0,0.5551102204408818
278,0.8813847423851278,-1.0,0.47094953948222323,-1.0,0.5571142284569138
279,0.8696272633657541,-1.0,0.462869321252451,-1.0,0.5591182364729459
280,0.8579178572482021,-1.0,0.4548325439287119,-1.0,0.561122244488978
281,0.8462879301022578,-1.0,0.44684210160486576,-1.0,0.56312625250501
282,0.8347688879977068,-1.0,0.4389008031614493,-1.0,0.565130260521042
283,0.823392137004337,-1.0,0.43101142765407086,-1.0,0.567134268537074
284,0.8121890831919344,0.8177945185908029,0.4231767527357611,-1.0,0.5691382765531061
285,0.8011911326302851,-1.0,0.41539955433499287,-1.0,0.5711422845691382
286,0.7904296913891763,-1.0,0.40768260630543485,-1.0,0.5731462925851702
287,0.7799361655383937,-1.0,0.40002868004232195,-1.0,0.5751503006012023
288,0.7697419611477252,-1.0,0.3924405812848203,-1.0,0.5771543086172344
289,0.7598784842869563,-1.0,0.3849212199396621,-1.0,0.5791583166332664
290,0.7503771410258733,-1.0,0.3774733870705248,-1.0,0.5811623246492985
291,0.7412693374342635,-1.0,0.37009985917986044,-1.0,0.5831663326653306
292,0.7325876072114512,0.7235464507532081,0.3628034103421552,-1.0,0.5851703406813626
293,0.7243646235872271,-1.0,0.3555868117502525,-1.0,0.5871743486973947
294,0.7165613998748883,-1.0,0.3484528312051404,-1.0,0.5891783567134268
295,0.7091207852270434,-1.0,0.34140423253823415,-1.0,0.5911823647294588
296,0.7019856287963019,-1.0,0.33444386119606995,-1.0,0.5931863727454909
297,0.6950987797352736,-1.0,0.32757462885561833,-1.0,0.595190380761523
298,0.6884030871965671,-1.0,0.32079931290878755,-1.0,0.597194388777555
299,0.6818414003327928,-1.0,0.3141206853359101,-1.0,0.5991983967935871
300,0.6753565682965595,-1.0,0.30754151418527936,-1.0,0.6012024048096192
301,0.6688914402404764,0.6604699228618995,0.3010645628502161,-1.0,0.6032064128256512
302,0.6623888653171536,-1.0,0.2946925892262507,-1.0,0.6052104208416833
303,0.6557916926792,-1.0,0.28842834605615103,-1.0,0.6072144288577154
304,0.6490427714792246,-1.0,0.28227475419340803,-1.0,0.6092184368737474
305,0.6420849508698379,-1.0,0.2762347011891052,-1.0,0.6112224448897795
306,0.6348610800036479,-1.0,0.2703109569553653,-1.0,0.6132264529058116
307,0.6273140080332653,-1.0,0.264506286055095,-1.0,0.6152304609218436
308,0.6193863256522044,-1.0,0.25882344660661527,-1.0,0.6172344689378757
309,0.6109046385300234,-1.0,0.2532651889591048,-1.0,0.6192384769539078
310,0.601822321195312,0.5977601189699591,0.24783425407779408,-1.0,0.6212424849699398
311,0.592238459625715,-1.0,0.24253339302871613,-1.0,0.6232464929859719
312,0.5822521397988768,-1.0,0.23736562602609487,-1.0,0.625250501002004
313,0.5719624476924441,-1.0,0.23233380631824804,-1.0,0.627254509018036
314,0.5614684692840609,-1.0,0.22744069529573463,-1.0,0.6292585170340681
315,0.5508692905513736,-1.0,0.2226890452774129,-1.0,0.6312625250501002
316,0.540263997472027,-1.0,0.21808159723734163,-1.0,0.6332665330661322
317,0.5297516760236659,-1.0,0.21362107787828297,-1.0,0.6352705410821643
318,0.5194314121839367,-1.0,0.20931019581745205,-1.0,0.6372745490981964
319,0.509402291930484,0.5031453271329963,0.20515172986793676,-1.0,0.6392785571142284
320,0.4997634012409524,-1.0,0.2011488273747871,-1.0,0.6412825651302605
321,0.49061382609298865,-1.0,0.19730430212886985,-1.0,0.6432865731462926
322,0.4820526524642373,-1.0,0.19362090227952616,-1.0,0.6452905811623246
323,0.4741789663323431,-1.0,0.1901013588094221,-1.0,0.6472945891783567
324,0.46709185367495215,-1.0,0.18674837945120826,-1.0,0.6492985971943888
325,0.4606370167501814,-1.0,0.183564639930746,-1.0,0.6513026052104208
326,0.45439425822418533,-1.0,0.1805528105378598,-1.0,0.6533066132264529
327,0.44835183853979466,-1.0,0.17772050595762745,0.17737325082596098,0.655310621242485
328,0.44250734061064206,0.4404355232410557,0.17498969288499813,-1.0,0.657314629258517
329,0.43685834735036144,-1.0,0.17227786790921032,-1.0,0.6593186372745491
330,0.43140244167258546,-1.0,0.1695727740028861,-1.0,0.6613226452905812
331,0.42613720649094694,-1.0,0.16687702125665724,-1.0,0.6633266533066132
332,0.4210602247190798,-1.0,0.1641909543561411,-1.0,0.6653306613226453
333,0.4161690792706162,-1.0,0.1615149176575885,-1.0,0.6673346693386772
334,0.41146135305919024,-1.0,0.15884925538590525,-1.0,0.6693386773547093
335,0.40693462899843447,-1.0,0.15619432265791428,-1.0,0.6713426853707414
336,0.4025864900019818,-1.0,0.15355047381972906,-1.0,0.6733466933867734
337,0.3984145189834659,0.40889725929540144,0.15091805349440943,-1.0,0.6753507014028055
338,0.39441629885651963,-1.0,0.14829740618127296,-1.0,0.6773547094188376
339,0.39058941253477575,-1.0,0.1456888762403374,-1.0,0.6793587174348696
340,0.38693144293186804,-1.0,0.14309280787591158,-1.0,0.6813627254509017
341,0.3834670985629118,-1.0,0.14050954511926889,-1.0,0.6833667334669338
342,0.3802786696552095,-1.0,0.13793943259339678,-1.0,0.6853707414829658
343,0.37733710962895817,-1.0,0.135382830013468,-1.0,0.6873747494989979
344,0.3746029650066997,-1.0,0.1328400880278335,-1.0,0.68937875751503
345,0.37203678231097675,-1.0,0.13031155103217254,-1.0,0.691382765531062
346,0.36959910806433144,0.34618745540346096,0.1277975632505269,-1.0,0.6933867735470941
347,0.3672504887893059,-1.0,0.12529846871617442,-1.0,0.6953907815631262
348,0.3649514710084426,-1.0,0.12281461125121086,-1.0,0.6973947895791582
349,0.36266260124428346,-1.0,0.12034633444466188,-1.0,0.6993987975951903
350,0.3603444260193711,-1.0,0.1178939847717547,-1.0,0.7014028056112224
351,0.3579574918562476,-1.0,0.11545792503352183,-1.0,0.7034068136272544
352,0.355462345277455,-1.0,0.11303850271062889,-1.0,0.7054108216432865
353,0.35281953280553596,-1.0,0.11063606187778013,-1.0,0.7074148296593186
354,0.34998960096303244,0.34618745540346096,0.10825094637822129,-1.0,0.7094188376753506
355,0.34693309627248653,-1.0,0.10588349979914637,-1.0,0.7114228456913827
356,0.34361056525644096,-1.0,0.1035340654450812,-1.0,0.7134268537074148
357,0.339946575959245,-1.0,0.10120298630899231,-1.0,0.7154308617234468
358,0.33564310864891567,-1.0,0.09889061283243143,-1.0,0.7174348697394789
359,0.33071994944602756,-1.0,0.09659730873323892,-1.0,0.719438877755511
360,0.3252734737280807,-1.0,0.09432341898327555,-1.0,0.721442885771543
361,0.31940005687257633,-1.0,0.09206928721856993,-1.0,0.7234468937875751
362,0.3131960742570148,-1.0,0.08983525676541985,-1.0,0.7254509018036072
363,0.3067579012588961,0.2831109275121524,0.08762167060721282,-1.0,0.7274549098196392
364,0.3001819132557218,-1.0,0.08542887134804508,-1.0,0.7294589178356713
365,0.293564485624992,-1.0,0.08325720117272159,-1.0,0.7314629258517034
366,0.287001993744207,-1.0,0.08110701767352724,-1.0,0.7334669338677354
367,0.280590812990868,-1.0,0.07897868213392441,-1.0,0.7354709418837675
368,0.27442731874247506,-1.0,0.07687253799477302,-1.0,0.7374749498997996
369,0.26860788637652927,-1.0,0.07478892829781136,-1.0,0.7394789579158316
370,0.263228891270531,-1.0,0.07272819566744049,-1.0,0.7414829659318637
371,0.25838670880198056,-1.0,0.07069068226360195,-1.0,0.7434869739478958
372,0.254177714348379,0.2515726635664981,0.06867672972932072,-1.0,0.7454909819639278
373,0.25068604571430186,-1.0,0.06668667989113482,-1.0,0.7474949899799599
374,0.24761200107515235,-1.0,0.0647209001502424,-1.0,0.749498997995992
375,0.2447703263438909,-1.0,0.06277974625427898,-1.0,0.751503006012024
376,0.2421336850966811,-1.0,0.060863560944755674,-1.0,0.7535070140280561
377,0.23967474090968724,-1.0,0.058972686452283415,-1.0,0.7555110220440882
378,0.23736615735907296,-1.0,0.05710746443371066,-1.0,0.7575150300601202
379,0.2351805980210021,-1.0,0.055268235901133576,-1.0,0.7595190380761523
380,0.23309072647163886,-1.0,0.05345534114140562,-1.0,0.7615230460921844
381,0.23106920628714703,-1.0,0.05166912407984318,-1.0,0.7635270541082164
382,0.2290887010436903,-1.0,0.04990996102061387,-1.0,0.7655310621242485
383,0.2271218743174329,-1.0,0.0481782020949134,-1.0,0.7675350701402806
384,0.22514138968453862,-1.0,0.04647418911825554,-1.0,0.7695390781563125
385,0.22311991072117127,-1.0,0.04479826318933428,-1.0,0.7715430861723446
386,0.22103010100349493,-1.0,0.04315076459027482,-1.0,0.7735470941883766
387,0.2188446241076733,-1.0,0.04153203267126407,-1.0,0.7755511022044087
388,0.21653614360987058,-1.0,0.039942405716626224,-1.0,0.7775551102204408
389,0.2140773234763795,-1.0,0.038382234127441656,-1.0,0.7795591182364728
390,0.2114915566497254,-1.0,0.03685190082929429,-1.0,0.7815631262525049
391,0.20882637120801964,-1.0,0.03535175060376783,-1.0,0.783567134268537
392,0.20609142031548272,-1.0,0.033882123961596435,-1.0,0.785571142284569
393,0.20329635713633512,-1.0,0.0324433603600676,-1.0,0.7875751503006011
394,0.20045083483479786,-1.0,0.031035798029323748,-1.0,0.7895791583166332
395,0.1975645065750913,-1.0,0.029659773765098048,-1.0,0.7915831663326652
396,0.19464702552143645,-1.0,0.028315622679935665,-1.0,0.7935871743486973
397,0.1917080448380538,-1.0,0.02700370978342479,-1.0,0.7955911823647294
398,0.18875721768916387,-1.0,0.02572441961685991,-1.0,0.7975951903807614
399,0.1858041972389876,0.18886285967455763,0.024478092580176847,-1.0,0.7995991983967935
400,0.18285863665174562,-1.0,0.023265067265988593,-1.0,0.8016032064128256
401,0.17993018909165842,-1.0,0.02208568060297563,-1.0,0.8036072144288576
402,0.17702850772294693,-1.0,0.02094026751121943,-1.0,0.8056112224448897
403,0.17416324570983147,-1.0,0.019829160470878387,-1.0,0.8076152304609218
404,0.17134405621653317,-1.0,0.01875268983735693,-1.0,0.8096192384769538
405,0.16858059240727247,-1.0,0.017711249173703522,-1.0,0.8116232464929859
406,0.1657724480975718,-1.0,0.016705216032088563,-1.0,0.813627254509018
407,0.16272357181068717,-1.0,0.015734928334639044,-1.0,0.81563126252505
408,0.15948322488790023,0.15732459572890334,0.014800721680810296,-1.0,0.8176352705410821
409,0.15610834039824023,-1.0,0.01390292871902076,-1.0,0.8196392785571142
410,0.15265585141073698,-1.0,0.013041878306774952,-1.0,0.8216432865731462
411,0.14918269099441947,-1.0,0.012217894371061905,-1.0,0.8236472945891783
412,0.14574579221831763,-1.0,0.011431304672470865,-1.0,0.8256513026052104
413,0.1424020881514606,-1.0,0.010682544955057027,-1.0,0.8276553106212424
414,0.13920851186287767,-1.0,0.009971983665444516,-1.0,0.8296593186372745
415,0.13622199642159863,-1.0,0.009299955946574456,-1.0,0.8316633266533066
416,0.1334994748966527,-1.0,0.008666792454219828,-1.0,0.8336673346693386
417,0.13109788035706926,0.12578633178324908,0.008072817448088302,-1.0,0.8356713426853707
418,0.12907414587187793,-1.0,0.007518345825830866,-1.0,0.8376753507014028
419,0.12748520451010797,-1.0,0.007003678345062184,-1.0,0.8396793587174348
420,0.1263879893407889,-1.0,0.006529145701131234,-1.0,0.8416833667334669
421,0.12583943343295012,-1.0,0.006095260132538012,-1.0,0.843687374749499
422,0.12578633178324908,-1.0,0.005702383861057725,-1.0,0.845691382765531
423,0.12578633178324908,-1.0,0.005350852437213718,-1.0,0.8476953907815631
424,0.12578633178324908,-1.0,0.005040992062582965,-1.0,0.8496993987975952
425,0.12578633178324908,-1.0,0.00477311025548061,-1.0,0.8517034068136272
426,0.12578633178324908,-1.0,0.004547472433309576,-1.0,0.8537074148296593
427,0.12578633178324908,-1.0,0.0043642303940728015,-1.0,0.8557114228456913
428,0.12578633178324908,-1.0,0.0042235941267406455,-1.0,0.8577154308617234
429,0.12578633178324908,-1.0,0.004128915493993123,0.004103751304457036,0.8597194388777555
430,0.12578633178324908,-1.0,0.004064231752139176,-1.0,0.8617234468937875
431,0.12578633178324908,-1.0,0.004006303424112846,-1.0,0.8637274549098196
432,0.12578633178324908,-1.0,0.003947801968024126,-1.0,0.8657314629258517
433,0.12578633178324908,-1.0,0.0038897522147761346,-1.0,0.8677354709418837
434,0.12578633178324908,-1.0,0.003832162306299081,-1.0,0.8697394789579158
435,0.12578633178324908,-1.0,0.003775031549738068,-1.0,0.8717434869739479
436,0.12578633178324908,-1.0,0.0037183593883335186,-1.0,0.8737474949899798
437,0.12578633178324908,-1.0,0.0036621452393659853,-1.0,0.8757515030060119
438,0.12577692031875265,-1.0,0.003606388412151487,-1.0,0.877755511022044
439,0.1256636239560389,-1.0,0.003551088215176632,-1.0,0.879759519038076
440,0.1254275471615079,-1.0,0.003496243956051497,-1.0,0.8817635270541081
441,0.12507565254571604,-1.0,0.0034418549415033382,-1.0,0.8837675350701402
442,0.12461490271921986,-1.0,0.003387920477276061,-1.0,0.8857715430861722
443,0.1240522602925757,0.12578633178324908,0.00333443987929268,-1.0,0.8877755511022043
444,0.12339468787633995,-1.0,0.0032814126349188003,-1.0,0.8897795591182364
445,0.1226491480810691,-1.0,0.0032288381163484313,-1.0,0.8917835671342684
446,0.1218226035173195,-1.0,0.0031767156313110335,-1.0,0.8937875751503005
447,0.12092201679564767,-1.0,0.0031250444866124058,-1.0,0.8957915831663326
448,0.11995435052660995,-1.0,0.0030738239880561467,-1.0,0.8977955911823646
449,0.11892656732076276,-1.0,0.00302305344040595,-1.0,0.8997995991983967
450,0.11784562978866259,-1.0,0.0029727321473636157,-1.0,0.9018036072144288
451,0.11671850054086584,-1.0,0.00292285944920662,-1.0,0.9038076152304608
452,0.11555214218792882,-1.0,0.0028734348530273044,-1.0,0.9058116232464929
453,0.11435351734040812,-1.0,0.0028244576958169256,-1.0,0.907815631262525
454,0.11312233901182527,-1.0,0.002775927283501608,-1.0,0.909819639278557
455,0.11155513836329543,-1.0,0.0027278429209487225,-1.0,0.9118236472945891
456,0.10952812776822432,-1.0,0.0026802039118789182,-1.0,0.9138276553106212
457,0.10709542493406378,-1.0,0.002633009558828425,-1.0,0.9158316633266532
458,0.10431114756826605,-1.0,0.0025862591630830744,-1.0,0.9178356713426853
459,0.10122941337828302,-1.0,0.0025399521076820268,-1.0,0.9198396793587174
460,0.09790434007156652,-1.0,0.0024940878909711296,-1.0,0.9218436873747494
461,0.0943900453555689,-1.0,0.002448665826140118,-1.0,0.9238476953907815
462,0.09074064693774199,-1.0,0.0024036852170541607,-1.0,0.9258517034068136
463,0.08701026252553762,-1.0,0.0023591453663343123,-1.0,0.9278557114228456
464,0.08325300982640817,-1.0,0.0023150455752883967,-1.0,0.9298597194388777
465,0.07952300654780525,-1.0,0.0022713851438387485,-1.0,0.9318637274549098
466,0.07587437039718127,-1.0,0.0022281633704436692,-1.0,0.9338677354709418
467,0.07236121908198806,-1.0,0.002185379702933606,-1.0,0.9358717434869739
468,0.06903767030967739,-1.0,0.002143033597084367,-1.0,0.937875751503006
469,0.0659578417877017,-1.0,0.002101124355733784,-1.0,0.939879759519038
470,0.06317585122351274,0.06307652789130856,0.0020596512803404826,-1.0,0.9418837675350701
471,0.060582344066536654,-1.0,0.0020186136709053394,-1.0,0.9438877755511021
472,0.05800787841178501,-1.0,0.001978010825896082,-1.0,0.9458917835671342
473,0.05545341420745434,-1.0,0.0019378420421404692,-1.0,0.9478957915831663
474,0.052920154794817015,-1.0,0.001898106623092107,-1.0,0.9498997995991983
475,0.050409303515144964,-1.0,0.0018588040831760656,-1.0,0.9519038076152304
476,0.04792206370971012,-1.0,0.0018199338197608002,-1.0,0.9539078156312625
477,0.04545963871978486,-1.0,0.0017814951330985239,-1.0,0.9559118236472945
478,0.0430232318866411,-1.0,0.0017434873218014817,-1.0,0.9579158316633266
479,0.040614046551550806,-1.0,0.0017059096827822591,-1.0,0.9599198396793587
480,0.0382332860557863,-1.0,0.0016687615111061213,-1.0,0.9619238476953907
481,0.03588215374061955,-1.0,0.0016320420999030468,-1.0,0.9639278557114228
482,0.03356185294732248,-1.0,0.0015957507771413287,-1.0,0.9659318637274549
483,0.03127358701716745,-1.0,0.0015598870966303936,-1.0,0.9679358717434869
484,0.029018559291426264,-1.0,0.0015244504074664708,-1.0,0.969939879759519
485,0.026797973111371262,-1.0,0.0014894400068354732,-1.0,0.9719438877755511
486,0.024613031818274393,-1.0,0.001454855189966035,-1.0,0.9739478957915831
487,0.022464938753407614,-1.0,0.0014206952500446842,-1.0,0.9759519038076151
488,0.020354897258043243,-1.0,0.0013869594780336262,-1.0,0.9779559118236472
489,0.018284110673453244,-1.0,0.0013536471625293649,-1.0,0.9799599198396792
490,0.016253782340909566,-1.0,0.0013207576805107204,-1.0,0.9819639278557113
491,0.01426511560168453,-1.0,0.0012882905915301474,-1.0,0.9839679358717434
492,0.012319313797049985,-1.0,0.001256245208767956,-1.0,0.9859719438877754
493,0.010417580268278223,-1.0,0.0012246208257059945,-1.0,0.9879759519038075
494,0.00856111835664123,-1.0,0.0011934167334886863,-1.0,0.9899799599198396
495,0.0067511314034109605,-1.0,0.0011626322207251027,-1.0,0.9919839679358716
496,0.0049888227498597025,-1.0,0.001132266573306744,-1.0,0.9939879759519037
497,0.0032753957372594427,-1.0,0.0011023190742064704,-1.0,0.9959919839679358
498,0.0016120537068821511,-1.0,0.001072789180981434,-1.0,0.9979959919839678
499,9.542470963618501e-18,-1.0,0.0010436764161151665,-1.0,1.0
