,velocity,vel_ori,density,den_ori,eta
0,0.0,0.0,1.6966089801371897,-1.0,0.0
1,0.06168143476363384,-1.0,1.6957647928723454,-1.0,0.002004008016032064
2,0.1223650149875373,-1.0,1.694920605607501,-1.0,0.004008016032064128
3,0.1819875709117172,-1.0,1.6940764183426567,-1.0,0.0060120240480961915
4,0.24048593277618033,-1.0,1.6932322310778158,-1.0,0.008016032064128256
5,0.29779693082093356,-1.0,1.6923880438129715,-1.0,0.01002004008016032
6,0.3538573952859837,-1.0,1.6915438565481271,-1.0,0.012024048096192383
7,0.40860415641133757,-1.0,1.6906996692832827,-1.0,0.014028056112224447
8,0.46197404443700185,-1.0,1.6898554820184382,-1.0,0.01603206412825651
9,0.5139038896029836,-1.0,1.6890112947535976,-1.0,0.018036072144288574
10,0.5643305221492896,-1.0,1.6881671074887494,-1.0,0.02004008016032064
11,0.6131907723159266,-1.0,1.6873229202239088,-1.0,0.022044088176352703
12,0.6604214703429013,-1.0,1.6864787329590645,-1.0,0.024048096192384766
13,0.7059594464702209,-1.0,1.6856345456942199,-1.0,0.026052104208416832
14,0.7497415309378918,-1.0,1.6847903584293755,-1.0,0.028056112224448895
15,0.7917045539859208,-1.0,1.683946171164535,-1.0,0.03006012024048096
16,0.8317853458543153,-1.0,1.6831019838996906,-1.0,0.03206412825651302
17,0.8699207367830815,-1.0,1.6822577966348462,-1.0,0.03406813627254509
18,0.9068813343188318,-1.0,1.6814136093700016,-1.0,0.03607214428857715
19,0.9440655150265967,-1.0,1.6805694221051573,-1.0,0.038076152304609215
20,0.981266023528355,-1.0,1.6797252348403129,-1.0,0.04008016032064128
21,1.0182387563874693,-1.0,1.6788810475754723,-1.0,0.04208416833667334
22,1.0547396101673017,-1.0,1.6780368603106277,-1.0,0.044088176352705406
23,1.0905244814312143,-1.0,1.6771926730457833,-1.0,0.04609218436873747
24,1.1253492667425702,-1.0,1.676348485780939,-1.0,0.04809619238476953
25,1.1589698626647316,-1.0,1.6755042985160984,-1.0,0.0501002004008016
26,1.191142165761061,-1.0,1.6746601112512502,-1.0,0.052104208416833664
27,1.2216220725949203,-1.0,1.6738159239864094,-1.0,0.05410821643286573
28,1.2501654797296724,-1.0,1.672971736721565,-1.0,0.05611222444889779
29,1.2765282837286793,-1.0,1.6721275494567207,-1.0,0.058116232464929855
30,1.3004663811553039,-1.0,1.6712833621918763,-1.0,0.06012024048096192
31,1.3217356685729085,-1.0,1.670439174927032,-1.0,0.06212424849699398
32,1.3400920425448555,-1.0,1.6695949876621912,-1.0,0.06412825651302605
33,1.3552913996345068,-1.0,1.6687508003973468,-1.0,0.06613226452905811
34,1.3670896364052254,-1.0,1.6679066131325024,-1.0,0.06813627254509018
35,1.375950619995096,-1.0,1.667062425867658,-1.0,0.07014028056112225
36,1.3841349849100015,-1.0,1.6662182386028173,-1.0,0.0721442885771543
37,1.3918458069306776,-1.0,1.665374051337973,-1.0,0.07414829659318636
38,1.3990967137761363,-1.0,1.6645298640731285,-1.0,0.07615230460921843
39,1.4059013331653905,-1.0,1.6636856768082842,-1.0,0.0781563126252505
40,1.4122732928174528,-1.0,1.6628414895434398,-1.0,0.08016032064128256
41,1.4182262204513356,-1.0,1.6619973022785954,-1.0,0.08216432865731463
42,1.4237737437860514,1.4425829133148338,1.661153115013751,-1.0,0.08416833667334668
43,1.428929490540613,-1.0,1.6603089277489067,-1.0,0.08617234468937875
44,1.433707088434033,-1.0,1.659464740484066,-1.0,0.08817635270541081
45,1.4381201651853233,-1.0,1.6586205532192215,-1.0,0.09018036072144288
46,1.4421823485134977,-1.0,1.6577763659543772,-1.0,0.09218436873747494
47,1.4459072661375678,-1.0,1.6569321786895328,-1.0,0.09418837675350701
48,1.4493085457765467,-1.0,1.656087991424692,-1.0,0.09619238476953906
49,1.4523998151494466,-1.0,1.6552438041598476,-1.0,0.09819639278557113
50,1.4551947019752804,-1.0,1.6543996168950033,-1.0,0.1002004008016032
51,1.4577068339730606,-1.0,1.653555429630159,-1.0,0.10220440881763526
52,1.4599683755718897,1.4605643569155606,1.6527112423653145,-1.0,0.10420841683366733
53,1.4621070364336708,-1.0,1.6518670551004737,-1.0,0.1062124248496994
54,1.4641457548568773,-1.0,1.6510228678356258,-1.0,0.10821643286573146
55,1.4660858779901045,-1.0,1.650178680570785,-1.0,0.11022044088176351
56,1.4679287529819485,-1.0,1.6493344933059406,-1.0,0.11222444889779558
57,1.469675726981004,-1.0,1.6484903060410963,-1.0,0.11422845691382764
58,1.4713281471358663,-1.0,1.6476461187762519,-1.0,0.11623246492985971
59,1.4728873605951316,-1.0,1.6468019315114073,-1.0,0.11823647294589178
60,1.4743547145073947,-1.0,1.6459577442465667,-1.0,0.12024048096192384
61,1.475731556021251,-1.0,1.6451135569817223,-1.0,0.1222444889779559
62,1.4770192322852962,-1.0,1.644269369716878,-1.0,0.12424849699398796
63,1.4782190904481254,-1.0,1.6434251824520336,-1.0,0.12625250501002003
64,1.4793324776583343,-1.0,1.642580995187189,-1.0,0.1282565130260521
65,1.480360741064518,-1.0,1.6417368079223484,-1.0,0.13026052104208416
66,1.4813052278152723,-1.0,1.6408926206575003,-1.0,0.13226452905811623
67,1.4821672850591923,-1.0,1.6400484333926597,-1.0,0.1342685370741483
68,1.4829482599448736,-1.0,1.639204246127819,-1.0,0.13627254509018036
69,1.4836516801558728,-1.0,1.6383600588629708,-1.0,0.13827655310621242
70,1.4843108258675497,-1.0,1.6375158715981302,-1.0,0.1402805611222445
71,1.4849374672307531,-1.0,1.636671684333282,-1.0,0.14228456913827653
72,1.4855327749178275,-1.0,1.6358274970684414,-1.0,0.1442885771543086
73,1.486097919601119,-1.0,1.6349833098035969,-1.0,0.14629258517034066
74,1.486634071952973,1.4877013131382595,1.6341391225387525,-1.0,0.14829659318637273
75,1.487142402645734,-1.0,1.6332949352739081,-1.0,0.1503006012024048
76,1.4876240823517484,-1.0,1.6324507480090675,-1.0,0.15230460921843686
77,1.4880802817433607,-1.0,1.6316065607442194,-1.0,0.15430861723446893
78,1.488512171492917,-1.0,1.6307623734793786,-1.0,0.156312625250501
79,1.4889209222727624,-1.0,1.6299181862145342,-1.0,0.15831663326653306
80,1.4893077047552419,-1.0,1.6290739989496898,-1.0,0.16032064128256512
81,1.4896736896127014,-1.0,1.6282298116848455,-1.0,0.1623246492985972
82,1.490020047517486,-1.0,1.6273856244200011,-1.0,0.16432865731462926
83,1.4903479491419411,-1.0,1.6265414371551568,-1.0,0.16633266533066132
84,1.4906585651584123,-1.0,1.625697249890316,-1.0,0.16833667334669336
85,1.4909530662392447,-1.0,1.6248530626254716,-1.0,0.17034068136272543
86,1.4912327496181297,-1.0,1.6240088753606272,-1.0,0.1723446893787575
87,1.4915062159394123,-1.0,1.6231646880957828,-1.0,0.17434869739478956
88,1.4917771325531777,-1.0,1.622320500830942,-1.0,0.17635270541082163
89,1.4920440907981871,-1.0,1.6214763135660977,-1.0,0.1783567134268537
90,1.4923056820132021,-1.0,1.6206321263012533,-1.0,0.18036072144288576
91,1.4925604975369842,-1.0,1.619787939036409,-1.0,0.18236472945891782
92,1.492807128708295,-1.0,1.6189437517715646,-1.0,0.1843687374749499
93,1.4930441668658954,-1.0,1.6180995645067238,-1.0,0.18637274549098196
94,1.4932702033485474,-1.0,1.6172553772418758,-1.0,0.18837675350701402
95,1.4934838294950123,-1.0,1.616411189977035,-1.0,0.1903807615230461
96,1.4936836366440516,-1.0,1.6155670027121907,-1.0,0.19238476953907813
97,1.4938682161344268,-1.0,1.6147228154473463,-1.0,0.1943887775551102
98,1.494036159304899,-1.0,1.613878628182502,-1.0,0.19639278557114226
99,1.49418605749423,-1.0,1.6130344409176576,-1.0,0.19839679358717432
100,1.4943165020411815,-1.0,1.6121902536528168,-1.0,0.2004008016032064
101,1.4944260842845143,-1.0,1.6113460663879724,-1.0,0.20240480961923846
102,1.4945133955629901,-1.0,1.610501879123128,-1.0,0.20440881763527052
103,1.494577027215371,-1.0,1.6096576918582837,-1.0,0.2064128256513026
104,1.494626771510771,-1.0,1.6088135045934393,-1.0,0.20841683366733466
105,1.4946747131070846,-1.0,1.6079693173285985,-1.0,0.21042084168336672
106,1.4947207126713922,-1.0,1.6071251300637541,-1.0,0.2124248496993988
107,1.4947646190502901,-1.0,1.6062809427989098,-1.0,0.21442885771543085
108,1.494806281090375,-1.0,1.605436755534069,-1.0,0.21643286573146292
109,1.494845547638243,-1.0,1.604592568269221,-1.0,0.21843687374749496
110,1.4948822675404907,-1.0,1.6037483810043802,-1.0,0.22044088176352702
111,1.4949162896437143,-1.0,1.602904193739532,-1.0,0.2224448897795591
112,1.49494746279451,-1.0,1.6020600064746915,-1.0,0.22444889779559116
113,1.4949756358394743,-1.0,1.6012158192098471,-1.0,0.22645290581162322
114,1.4950006576252037,-1.0,1.6003716319450028,-1.0,0.2284569138276553
115,1.4950223769982944,1.495374155471439,1.5995274446801582,-1.0,0.23046092184368736
116,1.4950406428053427,-1.0,1.5986832574153176,-1.0,0.23246492985971942
117,1.495055303892945,-1.0,1.5978390701504732,-1.0,0.2344689378757515
118,1.4950662091076976,-1.0,1.5969948828856289,-1.0,0.23647294589178355
119,1.495073207296197,-1.0,1.5961506956207845,-1.0,0.23847695390781562
120,1.4950761473050393,-1.0,1.59530650835594,-1.0,0.24048096192384769
121,1.4950566966575125,-1.0,1.5944623210910955,-1.0,0.24248496993987975
122,1.4949798185775247,-1.0,1.593618133826255,-1.0,0.2444889779559118
123,1.4948498744001582,-1.0,1.5927739465614068,-1.0,0.24649298597194386
124,1.4946724547630033,-1.0,1.5919297592965662,-1.0,0.24849699398797592
125,1.4944531503036504,-1.0,1.5910855720317216,-1.0,0.250501002004008
126,1.4941975516596897,-1.0,1.5902413847668773,-1.0,0.25250501002004005
127,1.4939112494687112,-1.0,1.5893971975020367,1.5890544038942989,0.2545090180360721
128,1.4935998343683055,-1.0,1.5885556127814868,-1.0,0.2565130260521042
129,1.4932688969960628,-1.0,1.5877273500782725,-1.0,0.25851703406813625
130,1.492924027989573,-1.0,1.586913127946586,-1.0,0.2605210420841683
131,1.4925708179864272,-1.0,1.5861124343876887,-1.0,0.2625250501002004
132,1.4922148576242145,-1.0,1.5853247574028413,-1.0,0.26452905811623245
133,1.4918617375405263,-1.0,1.5845495849933087,-1.0,0.2665330661322645
134,1.491517048372952,-1.0,1.583786405160348,-1.0,0.2685370741482966
135,1.4911863807590824,-1.0,1.583034705905224,-1.0,0.27054108216432865
136,1.4908753253365075,-1.0,1.5822939752291978,-1.0,0.2725450901803607
137,1.4905894727428177,-1.0,1.5815637011335302,-1.0,0.2745490981963928
138,1.4903288701989073,-1.0,1.5808433716194858,-1.0,0.27655310621242485
139,1.4900753783444451,-1.0,1.580132474688322,-1.0,0.2785571142284569
140,1.4898262770325912,-1.0,1.5794304983413074,-1.0,0.280561122244489
141,1.4895807009352706,-1.0,1.5787369305796952,-1.0,0.282565130260521
142,1.4893377847244094,-1.0,1.5780512594047502,-1.0,0.28456913827655306
143,1.489096663071933,-1.0,1.5773729728177408,-1.0,0.2865731462925851
144,1.4888564706497671,-1.0,1.5767015588199205,-1.0,0.2885771543086172
145,1.4886163421298375,1.4882308651117904,1.5760365054125505,-1.0,0.29058116232464926
146,1.48837541218407,-1.0,1.5753773005968954,-1.0,0.2925851703406813
147,1.48813281548439,-1.0,1.5747234323742196,-1.0,0.2945891783567134
148,1.4878876867027233,-1.0,1.5740743887457807,-1.0,0.29659318637274545
149,1.4876391605109953,-1.0,1.5734296577128433,-1.0,0.2985971943887775
150,1.4873863715811322,-1.0,1.5727887272766647,-1.0,0.3006012024048096
151,1.4871284545850592,-1.0,1.5721510854385132,-1.0,0.30260521042084165
152,1.4868645441947022,-1.0,1.5715162201996424,-1.0,0.3046092184368737
153,1.4865937750819866,-1.0,1.5708836195613245,-1.0,0.3066132264529058
154,1.4863152819188383,-1.0,1.570252771524813,-1.0,0.30861723446893785
155,1.4860302162210184,-1.0,1.5696231640913687,-1.0,0.3106212424849699
156,1.4857517468378336,-1.0,1.5689942852622603,-1.0,0.312625250501002
157,1.4854800644995119,-1.0,1.5683656230387446,-1.0,0.31462925851703405
158,1.4852123050290804,-1.0,1.5677366654220832,-1.0,0.3166332665330661
159,1.4849456042495657,-1.0,1.5671069004135367,-1.0,0.3186372745490982
160,1.484677097983995,-1.0,1.5664758160143735,-1.0,0.32064128256513025
161,1.4844039220553942,-1.0,1.565842900225851,-1.0,0.3226452905811623
162,1.484123212286791,-1.0,1.5652076410492264,-1.0,0.3246492985971944
163,1.4838321045012113,-1.0,1.5645695264857682,-1.0,0.32665330661322645
164,1.4835277345216826,-1.0,1.5639280445367372,-1.0,0.3286573146292585
165,1.4832072381712316,-1.0,1.5632826832033944,-1.0,0.3306613226452906
166,1.4828677512728843,-1.0,1.562632930486997,-1.0,0.33266533066132264
167,1.4825064096496683,-1.0,1.56197827438881,-1.0,0.33466933867735466
168,1.48212034912461,1.4821586734655168,1.5613182029100978,-1.0,0.3366733466933867
169,1.4817067055207362,-1.0,1.5606522040521216,-1.0,0.3386773547094188
170,1.4812626146610737,-1.0,1.5599797658161385,-1.0,0.34068136272545085
171,1.4807852123686491,-1.0,1.559300376203413,-1.0,0.3426853707414829
172,1.4802679686507414,-1.0,1.5586135232152103,-1.0,0.344689378757515
173,1.4796460031261693,-1.0,1.5579186948527837,-1.0,0.34669338677354705
174,1.4789037057640604,-1.0,1.557215379117405,-1.0,0.3486973947895791
175,1.4780506750321798,-1.0,1.5565030640103281,-1.0,0.3507014028056112
176,1.4770965093982908,-1.0,1.5557812375328177,-1.0,0.35270541082164325
177,1.4760508073301581,-1.0,1.5550493876861347,-1.0,0.3547094188376753
178,1.4749231672955454,-1.0,1.5543070024715437,-1.0,0.3567134268537074
179,1.473723187762217,-1.0,1.5535535698903022,-1.0,0.35871743486973945
180,1.472460467197937,-1.0,1.5527885779436748,-1.0,0.3607214428857715
181,1.4711446040704692,-1.0,1.5520115146329185,-1.0,0.3627254509018036
182,1.4697851968475781,-1.0,1.5512218679593022,-1.0,0.36472945891783565
183,1.4683918439970276,-1.0,1.5504191259240863,-1.0,0.3667334669338677
184,1.4669741439865813,-1.0,1.5496027765285247,-1.0,0.3687374749498998
185,1.4655416952840041,-1.0,1.5487723077738857,-1.0,0.37074148296593185
186,1.4641040963570597,-1.0,1.547927207661434,-1.0,0.3727454909819639
187,1.4626709456735123,-1.0,1.547066964192427,-1.0,0.374749498997996
188,1.4612518417011255,-1.0,1.5461910653681257,-1.0,0.37675350701402804
189,1.4598559654231342,-1.0,1.5452989991897907,-1.0,0.3787575150300601
190,1.4584488581921045,-1.0,1.544390253658687,-1.0,0.3807615230460922
191,1.4570046233098648,-1.0,1.5434643167760755,-1.0,0.38276553106212424
192,1.4555244418884488,-1.0,1.5425206765432173,-1.0,0.38476953907815625
193,1.4540094950398907,-1.0,1.5415588209613733,-1.0,0.3867735470941883
194,1.4524609638762245,-1.0,1.5405782380318116,-1.0,0.3887775551102204
195,1.4508800295094837,-1.0,1.5395784157557826,-1.0,0.39078156312625245
196,1.4492678730517028,-1.0,1.5385588421345544,-1.0,0.3927855711422845
197,1.447625675614915,-1.0,1.5375190051693914,-1.0,0.3947895791583166
198,1.4459546183111551,-1.0,1.5364583928615514,-1.0,0.39679358717434865
199,1.4442558822524567,1.4424063589884737,1.535376493212295,-1.0,0.3987975951903807
200,1.4425306485508533,-1.0,1.5342727942228873,-1.0,0.4008016032064128
201,1.4407800983183794,-1.0,1.5331467838945887,-1.0,0.40280561122244485
202,1.4390054126670688,-1.0,1.5319979502286643,-1.0,0.4048096192384769
203,1.437207772708955,-1.0,1.5308257812263677,-1.0,0.406813627254509
204,1.4353883595560726,-1.0,1.529629764888967,-1.0,0.40881763527054105
205,1.4335483543204548,-1.0,1.5284093892177195,-1.0,0.4108216432865731
206,1.4316889381141362,-1.0,1.527164142213894,-1.0,0.4128256513026052
207,1.4298038492983398,-1.0,1.5258935118787436,-1.0,0.41482965931863724
208,1.4278843191701514,-1.0,1.5245969862135367,-1.0,0.4168336673346693
209,1.4259307666853254,-1.0,1.523274053219531,-1.0,0.4188376753507014
210,1.4239436444931595,-1.0,1.5219242008979907,-1.0,0.42084168336673344
211,1.4219234052429524,-1.0,1.520546917250177,-1.0,0.4228456913827655
212,1.4198705015840025,-1.0,1.5191416902773511,-1.0,0.4248496993987976
213,1.4177853861656087,-1.0,1.5177080079807737,-1.0,0.42685370741482964
214,1.415668511637069,-1.0,1.516245358361706,1.5155670700139594,0.4288577154308617
215,1.4135203306476818,-1.0,1.5147132029992931,-1.0,0.4308617234468938
216,1.411341295846746,-1.0,1.5129099734255305,-1.0,0.43286573146292584
217,1.4091318598835596,-1.0,1.5108119228235175,-1.0,0.4348697394789579
218,1.4068924754074212,-1.0,1.5084238524213673,-1.0,0.4368737474949899
219,1.4046235950676293,-1.0,1.505750563447201,-1.0,0.438877755511022
220,1.4023256715134826,-1.0,1.5027968571291208,-1.0,0.44088176352705405
221,1.3999991573942787,-1.0,1.4995675346952513,-1.0,0.4428857715430861
222,1.3976445053593174,-1.0,1.4960673973736982,-1.0,0.4448897795591182
223,1.3952621680578956,-1.0,1.4923012463925827,-1.0,0.44689378757515025
224,1.3928529585610807,-1.0,1.4882738829800106,-1.0,0.4488977955911823
225,1.3904167988351148,-1.0,1.4839901083640954,-1.0,0.4509018036072144
226,1.3879515617041391,-1.0,1.4794547237729578,-1.0,0.45290581162324645
227,1.3854550614484111,-1.0,1.474672530434708,-1.0,0.4549098196392785
228,1.3829251123481872,-1.0,1.469648329577455,-1.0,0.4569138276553106
229,1.3803595286837245,-1.0,1.4643869224293162,-1.0,0.45891783567134264
230,1.37775612473528,-1.0,1.4588931102184053,-1.0,0.4609218436873747
231,1.3751127147831106,-1.0,1.4531716941728354,-1.0,0.4629258517034068
232,1.372427113107473,-1.0,1.44722747552072,-1.0,0.46492985971943884
233,1.3696971339886244,-1.0,1.4410652554901726,-1.0,0.4669338677354709
234,1.3669205917068217,-1.0,1.4346898353093065,-1.0,0.468937875751503
235,1.3640953005423213,-1.0,1.4281060162062316,-1.0,0.47094188376753504
236,1.3612190747753805,-1.0,1.4213185994090647,-1.0,0.4729458917835671
237,1.3582897286862565,1.3576886720048618,1.4143323861459232,-1.0,0.4749498997995992
238,1.355305076555206,-1.0,1.4071521776449167,-1.0,0.47695390781563124
239,1.3522629326624855,-1.0,1.3997827751341552,-1.0,0.4789579158316633
240,1.3491611112883526,-1.0,1.3922289798417553,-1.0,0.48096192384769537
241,1.345992048374266,-1.0,1.3844955929958345,-1.0,0.48296593186372744
242,1.3427336617204406,-1.0,1.3765874158245024,-1.0,0.4849699398797595
243,1.3393876922460586,-1.0,1.3685092495558724,-1.0,0.48697394789579157
244,1.335958606394167,-1.0,1.3602658954180542,-1.0,0.4889779559118236
245,1.3324508706078135,-1.0,1.3518621546391687,-1.0,0.49098196392785565
246,1.3288689513300442,-1.0,1.3433028284473294,-1.0,0.4929859719438877
247,1.3252173150039064,-1.0,1.3345927180706385,-1.0,0.4949899799599198
248,1.3215004280724467,-1.0,1.3257366247372242,-1.0,0.49699398797595185
249,1.3177227569787127,-1.0,1.316739349675189,-1.0,0.4989979959919839
250,1.3138887681657507,-1.0,1.3076056941126533,-1.0,0.501002004008016
251,1.310002928076608,-1.0,1.2983404592777272,-1.0,0.503006012024048
252,1.3060697031543311,-1.0,1.288948446398524,-1.0,0.5050100200400801
253,1.3020935598419676,-1.0,1.279434456703157,-1.0,0.5070140280561122
254,1.298078964582564,-1.0,1.2698032914197437,-1.0,0.5090180360721442
255,1.2940303838191674,-1.0,1.2600597517763896,-1.0,0.5110220440881763
256,1.2899522839948245,-1.0,1.2502086390012161,-1.0,0.5130260521042084
257,1.2858491315525828,-1.0,1.2402547543223323,-1.0,0.5150300601202404
258,1.2817205471130066,-1.0,1.230202898967856,-1.0,0.5170340681362725
259,1.2775299036393843,-1.0,1.2200578741658963,-1.0,0.5190380761523046
260,1.27327145997252,-1.0,1.209824481144563,-1.0,0.5210420841683366
261,1.2689486055772201,1.2649803214661168,1.1995075211319848,-1.0,0.5230460921843687
262,1.264564729918293,-1.0,1.1891117953562598,-1.0,0.5250501002004008
263,1.2601232224605448,-1.0,1.1786421050455054,-1.0,0.5270541082164328
264,1.2556274726687826,-1.0,1.1681032514278349,-1.0,0.5290581162324649
265,1.2510808700078138,-1.0,1.1575000357313656,-1.0,0.531062124248497
266,1.2464868039424446,-1.0,1.1468372591842106,-1.0,0.533066132264529
267,1.241848663937483,-1.0,1.1361197230144762,-1.0,0.5350701402805611
268,1.2371698394577355,-1.0,1.1253522284502868,-1.0,0.5370741482965932
269,1.2324537199680092,-1.0,1.1145395767197483,-1.0,0.5390781563126252
270,1.2277036949331108,-1.0,1.1036865690509745,-1.0,0.5410821643286573
271,1.222923153817848,-1.0,1.0927980066720822,-1.0,0.5430861723446894
272,1.2181154860870276,-1.0,1.0818786908111813,-1.0,0.5450901803607214
273,1.2132840812054562,-1.0,1.0709334226963887,-1.0,0.5470941883767535
274,1.2084323286379408,-1.0,1.0599670035558142,-1.0,0.5490981963927856
275,1.2035623784603067,-1.0,1.0489842346175748,-1.0,0.5511022044088176
276,1.1986499434493616,-1.0,1.0379899171097806,-1.0,0.5531062124248497
277,1.1936865730647575,-1.0,1.0269888522605486,-1.0,0.5551102204408818
278,1.1886750711546294,-1.0,1.0159858412979919,-1.0,0.5571142284569138
279,1.1836182415671126,-1.0,1.0049856854502206,-1.0,0.5591182364729459
280,1.1785188881503434,-1.0,0.9939931859453515,-1.0,0.561122244488978
281,1.1733798147524577,-1.0,0.9830131440114982,-1.0,0.56312625250501
282,1.1682038252215903,-1.0,0.9720503608767704,-1.0,0.565130260521042
283,1.1629937234058783,-1.0,0.9611096377692853,-1.0,0.567134268537074
284,1.157752313153456,1.1555145392678403,0.9501957759171524,-1.0,0.5691382765531061
285,1.15248239831246,-1.0,0.9393135765484891,-1.0,0.5711422845691382
286,1.1471867827310258,-1.0,0.9284678408914087,-1.0,0.5731462925851702
287,1.1418682702572887,-1.0,0.9176633701740207,-1.0,0.5751503006012023
288,1.1365296647393852,-1.0,0.9069049656244462,-1.0,0.5771543086172344
289,1.1311737700254505,-1.0,0.8961974284707911,-1.0,0.5791583166332664
290,1.1258033899636206,-1.0,0.8855455599411726,-1.0,0.5811623246492985
291,1.1204213284020312,-1.0,0.8749541612637041,-1.0,0.5831663326653306
292,1.115030335921762,-1.0,0.8644280336664951,-1.0,0.5851703406813626
293,1.1096223595923222,-1.0,0.8539719783776631,-1.0,0.5871743486973947
294,1.1041901285008222,-1.0,0.843590796625325,-1.0,0.5891783567134268
295,1.0987336870556363,-1.0,0.8332892896375867,-1.0,0.5911823647294588
296,1.0932530796651407,-1.0,0.8230722586425656,-1.0,0.5931863727454909
297,1.0877483507377097,-1.0,0.8129445048683713,-1.0,0.595190380761523
298,1.0822195446817193,-1.0,0.8029108295431245,-1.0,0.597194388777555
299,1.0766667059055441,-1.0,0.7929760338949351,-1.0,0.5991983967935871
300,1.0710898788175593,-1.0,0.7831449191519128,-1.0,0.6012024048096192
301,1.0654891078261404,-1.0,0.7734222865421746,-1.0,0.6032064128256512
302,1.059864437339662,-1.0,0.7638129372938377,-1.0,0.6052104208416833
303,1.0542159117664993,1.0507677818178869,0.754321672635008,-1.0,0.6072144288577154
304,1.048543575515028,-1.0,0.7449532937938065,-1.0,0.6092184368737474
305,1.0428474729936226,-1.0,0.7357126019983392,-1.0,0.6112224448897795
306,1.0371276486106586,-1.0,0.7266043984767268,-1.0,0.6132264529058116
307,1.0313841467745113,-1.0,0.7176334844570753,-1.0,0.6152304609218436
308,1.0256170118935553,-1.0,0.7088046611675021,-1.0,0.6172344689378757
309,1.0198262883761664,-1.0,0.7001227298361239,-1.0,0.6192384769539078
310,1.0140122283246455,-1.0,0.6915924916910471,-1.0,0.6212424849699398
311,1.0081748593488793,-1.0,0.6832187479603923,-1.0,0.6232464929859719
312,1.0023137093425778,-1.0,0.6750062998722692,-1.0,0.625250501002004
313,0.9964283031151145,-1.0,0.6669599486547914,-1.0,0.627254509018036
314,0.9905181654758645,-1.0,0.6590844955360722,-1.0,0.6292585170340681
315,0.9845828212342018,-1.0,0.651384741744225,-1.0,0.6312625250501002
316,0.9786217951995005,-1.0,0.6438654885073632,-1.0,0.6332665330661322
317,0.9726346121811356,-1.0,0.6365315370536041,-1.0,0.6352705410821643
318,0.9666207969884814,-1.0,0.6293876886110572,-1.0,0.6372745490981964
319,0.9605798744309116,-1.0,0.6224387444078361,-1.0,0.6392785571142284
320,0.9545113693178017,-1.0,0.615689505672054,-1.0,0.6412825651302605
321,0.9484148064585253,-1.0,0.6091447736318246,-1.0,0.6432865731462926
322,0.9422897106624569,-1.0,0.6028093495152648,0.597388970516092,0.6452905811623246
323,0.9361356067389713,0.9308284903579301,0.5966865407613176,-1.0,0.6472945891783567
324,0.9299520194974422,-1.0,0.5906472258381631,-1.0,0.6492985971943888
325,0.9237384737472448,-1.0,0.5846064695395561,-1.0,0.6513026052104208
326,0.9174944942977528,-1.0,0.5785650016679142,-1.0,0.6533066132264529
327,0.9112051576404687,-1.0,0.5725235520256733,-1.0,0.655310621242485
328,0.9048377448374376,-1.0,0.566482850415269,-1.0,0.657314629258517
329,0.8984001143153074,-1.0,0.5604436266391299,-1.0,0.6593186372745491
330,0.8919021680934888,-1.0,0.5544066104996772,-1.0,0.6613226452905812
331,0.8853538081913918,-1.0,0.548372531799354,-1.0,0.6633266533066132
332,0.878764936628426,-1.0,0.5423421203405815,-1.0,0.6653306613226453
333,0.8721454554240025,-1.0,0.5363161059257954,-1.0,0.6673346693386772
334,0.86550526659753,-1.0,0.5302952183574243,-1.0,0.6693386773547093
335,0.8588542721684204,-1.0,0.5242801874378967,-1.0,0.6713426853707414
336,0.852202374156083,-1.0,0.5182717429696484,-1.0,0.6733466933867734
337,0.8455594745799275,-1.0,0.5122706147551005,-1.0,0.6753507014028055
338,0.8389354754593651,-1.0,0.5062775325966925,-1.0,0.6773547094188376
339,0.8323402788138056,-1.0,0.5002932262968529,-1.0,0.6793587174348696
340,0.8257837866626585,-1.0,0.49431842565801026,-1.0,0.6813627254509017
341,0.819275901025335,-1.0,0.488353860482593,-1.0,0.6833667334669338
342,0.812826523921244,-1.0,0.4824002605730369,-1.0,0.6853707414829658
343,0.8064455573697972,0.800144792926872,0.4764583557317669,-1.0,0.6873747494989979
344,0.8001409131298218,-1.0,0.47052887576121877,-1.0,0.68937875751503
345,0.7939055393041413,-1.0,0.46461255046381367,-1.0,0.691382765531062
346,0.7877302149454295,-1.0,0.4587101096419947,-1.0,0.6933867735470941
347,0.7816063445298211,-1.0,0.45282228309818306,-1.0,0.6953907815631262
348,0.7755253325334506,-1.0,0.4469498006348109,-1.0,0.6973947895791582
349,0.7694785834324535,-1.0,0.44109339205431036,-1.0,0.6993987975951903
350,0.7634575017029643,-1.0,0.4352537871591136,-1.0,0.7014028056112224
351,0.7574534918211184,-1.0,0.4294317157516492,-1.0,0.7034068136272544
352,0.7514579582630507,-1.0,0.4236279076343418,-1.0,0.7054108216432865
353,0.7454623055048956,-1.0,0.41784309260963104,-1.0,0.7074148296593186
354,0.7394579380227887,-1.0,0.4120780004799417,-1.0,0.7094188376753506
355,0.7334362602928646,-1.0,0.40633336104770956,-1.0,0.7114228456913827
356,0.7273886767912585,-1.0,0.40060990411535585,-1.0,0.7134268537074148
357,0.7213065919941053,-1.0,0.39490835948531633,-1.0,0.7154308617234468
358,0.7151814103775396,-1.0,0.38922945696002315,-1.0,0.7174348697394789
359,0.7090045364176969,-1.0,0.38357392634190485,-1.0,0.719438877755511
360,0.7027673745907119,-1.0,0.37794249743339353,-1.0,0.721442885771543
361,0.6964609989062085,-1.0,0.3723359000369159,-1.0,0.7234468937875751
362,0.6900793929820092,-1.0,0.366754863954906,-1.0,0.7254509018036072
363,0.683630068627418,-1.0,0.36120011898979026,-1.0,0.7274549098196392
364,0.6771224765127787,0.6731446635625895,0.35567239494400477,-1.0,0.7294589178356713
365,0.6705660673084335,-1.0,0.3501724216199723,-1.0,0.7314629258517034
366,0.6639702916847243,-1.0,0.34470092882012887,-1.0,0.7334669338677354
367,0.6573446003119948,-1.0,0.3392586463469065,-1.0,0.7354709418837675
368,0.6506984438605871,-1.0,0.33384630400273,-1.0,0.7374749498997996
369,0.6440412730008431,-1.0,0.3284646315900335,-1.0,0.7394789579158316
370,0.6373825384031067,-1.0,0.3231143589112453,-1.0,0.7414829659318637
371,0.6307316907377192,-1.0,0.3177962157687977,-1.0,0.7434869739478958
372,0.6240981806750243,-1.0,0.31251093196511914,-1.0,0.7454909819639278
373,0.617491458885364,-1.0,0.3072592373026454,-1.0,0.7474949899799599
374,0.6109209760390808,-1.0,0.3020418615837977,-1.0,0.749498997995992
375,0.6043961828065176,-1.0,0.29685953461101366,-1.0,0.751503006012024
376,0.5979265298580172,-1.0,0.2917129861867218,-1.0,0.7535070140280561
377,0.5915214678639213,-1.0,0.28660294611335063,-1.0,0.7555110220440882
378,0.5851900234086634,-1.0,0.28153014419333217,-1.0,0.7575150300601202
379,0.5789255569274865,-1.0,0.2764953102290969,-1.0,0.7595190380761523
380,0.5727173699920541,-1.0,0.27149917402307505,-1.0,0.7615230460921844
381,0.5665586226383704,0.5628081014153374,0.26654246537769516,-1.0,0.7635270541082164
382,0.5604424749024395,-1.0,0.26162591409539304,-1.0,0.7655310621242485
383,0.5543620868202663,-1.0,0.25675024997859164,-1.0,0.7675350701402806
384,0.5483106184278546,-1.0,0.2519162028297268,-1.0,0.7695390781563125
385,0.5422812297612094,-1.0,0.24712450245122886,-1.0,0.7715430861723446
386,0.5362670808563348,-1.0,0.24237587864552446,-1.0,0.7735470941883766
387,0.5302613317492347,-1.0,0.23767106121504578,-1.0,0.7755511022044087
388,0.5242571424759145,-1.0,0.23301077996222677,-1.0,0.7775551102204408
389,0.5182476730723778,-1.0,0.22839576468949227,-1.0,0.7795591182364728
390,0.512226083574629,-1.0,0.22382674519927812,-1.0,0.7815631262525049
391,0.506185534018673,-1.0,0.21930445129400727,-1.0,0.783567134268537
392,0.5001191844405133,-1.0,0.2148296127761156,-1.0,0.785571142284569
393,0.4940201948761554,-1.0,0.2104029594480352,-1.0,0.7875751503006011
394,0.487881725361603,-1.0,0.20602522111219274,-1.0,0.7895791583166332
395,0.4816968725911408,-1.0,0.2016971275710186,-1.0,0.7915831663326652
396,0.47542932744514815,-1.0,0.19741940862694485,-1.0,0.7935871743486973
397,0.46906458247900945,-1.0,0.19319279408240003,-1.0,0.7955911823647294
398,0.46262036812090324,0.46109729332286514,0.1890180137398163,-1.0,0.7975951903807614
399,0.45611441479900916,-1.0,0.18489579740162396,-1.0,0.7995991983967935
400,0.4495644529415055,-1.0,0.18082687487025334,-1.0,0.8016032064128256
401,0.442988212976572,-1.0,0.17681197594813475,-1.0,0.8036072144288576
402,0.43640342533238735,-1.0,0.17285183043769853,-1.0,0.8056112224448897
403,0.42982782043712986,-1.0,0.16894716814137134,-1.0,0.8076152304609218
404,0.42327912871897966,-1.0,0.1650987188615908,-1.0,0.8096192384769538
405,0.41677508060611496,-1.0,0.16130721240078177,-1.0,0.8116232464929859
406,0.4103334065267146,-1.0,0.15757337856137638,-1.0,0.813627254509018
407,0.40397183690895827,-1.0,0.15389794714580682,-1.0,0.81563126252505
408,0.39770810218102415,-1.0,0.15028164795650154,-1.0,0.8176352705410821
409,0.3915599327710919,-1.0,0.14672521079589085,-1.0,0.8196392785571142
410,0.3855450591073404,-1.0,0.14322936546640513,-1.0,0.8216432865731462
411,0.3796812116179479,-1.0,0.1397948417704765,-1.0,0.8236472945891783
412,0.37398612073109433,-1.0,0.1364223695105316,-1.0,0.8256513026052104
413,0.3684550374718448,-1.0,0.13311267848900446,-1.0,0.8276553106212424
414,0.3630521793959393,0.360716331712502,0.12986649850832352,-1.0,0.8296593186372745
415,0.3577649793805876,-1.0,0.126684559370921,-1.0,0.8316633266533066
416,0.3525812651925658,-1.0,0.12356759087922531,-1.0,0.8336673346693386
417,0.34748886459865125,-1.0,0.12051632283566865,-1.0,0.8356713426853707
418,0.34247560536562033,-1.0,0.11753148504268135,-1.0,0.8376753507014028
419,0.33752931526024954,-1.0,0.11461380730269187,-1.0,0.8396793587174348
420,0.33263782204931625,-1.0,0.11176401941813056,-1.0,0.8416833667334669
421,0.32778895349959647,-1.0,0.10898285119143139,-1.0,0.843687374749499
422,0.3229705373778677,-1.0,0.10627103242501919,-1.0,0.845691382765531
423,0.31817040145090625,-1.0,0.10362929292133162,-1.0,0.8476953907815631
424,0.31337637348548864,-1.0,0.10105836248279165,-1.0,0.8496993987975952
425,0.3085762812483921,-1.0,0.09855897091183512,-1.0,0.8517034068136272
426,0.3037579525063932,-1.0,0.0961318480108905,-1.0,0.8537074148296593
427,0.2989092150262684,-1.0,0.0937777235823863,-1.0,0.8557114228456913
428,0.2940178965747948,-1.0,0.09149732742875283,-1.0,0.8577154308617234
429,0.2890718249187488,-1.0,0.08929138935242592,-1.0,0.8597194388777555
430,0.284065638602843,-1.0,0.08716063915583037,-1.0,0.8617234468937875
431,0.27901663458318005,-1.0,0.0851058066414002,-1.0,0.8637274549098196
432,0.27393390858692795,-1.0,0.0831276216115657,-1.0,0.8657314629258517
433,0.2688256212644716,-1.0,0.08122681386875173,0.08113523201690932,0.8677354709418837
434,0.263699933266195,-1.0,0.07936915646370837,-1.0,0.8697394789579158
435,0.2585650052424819,-1.0,0.07751315143552584,-1.0,0.8717434869739479
436,0.25342899784371725,-1.0,0.07565953604682953,-1.0,0.8737474949899798
437,0.24830007172028462,0.24726121666155926,0.07380914135805856,-1.0,0.8757515030060119
438,0.24318638752256885,-1.0,0.07196279842966483,-1.0,0.877755511022044
439,0.23809610590095384,-1.0,0.0701213383220911,-1.0,0.879759519038076
440,0.2330373875058235,-1.0,0.06828559209578011,-1.0,0.8817635270541081
441,0.2280183929875627,-1.0,0.0664563908111783,-1.0,0.8837675350701402
442,0.2230472829965554,-1.0,0.06463456552873208,-1.0,0.8857715430861722
443,0.21813221818318546,-1.0,0.0628209473088842,-1.0,0.8877755511022043
444,0.21328135919783764,-1.0,0.061016367212082916,-1.0,0.8897795591182364
445,0.20850286669089568,-1.0,0.059221656298769146,-1.0,0.8917835671342684
446,0.2038049013127444,-1.0,0.057437645629389314,-1.0,0.8937875751503005
447,0.1991779385359259,-1.0,0.05566516626439166,-1.0,0.8957915831663326
448,0.194537346901613,-1.0,0.05390504926422079,-1.0,0.8977955911823646
449,0.18988183647156012,-1.0,0.05215812568931577,-1.0,0.8997995991983967
450,0.18522429465158904,-1.0,0.050425226600128534,-1.0,0.9018036072144288
451,0.18057760884752244,-1.0,0.048707183057101824,-1.0,0.9038076152304608
452,0.17595466646518224,-1.0,0.04700482612068023,-1.0,0.9058116232464929
453,0.17136835491039032,-1.0,0.04531898685130652,-1.0,0.907815631262525
454,0.16683156158896942,-1.0,0.04365049630943258,-1.0,0.909819639278557
455,0.1623571739067414,-1.0,0.042000185555495693,-1.0,0.9118236472945891
456,0.1579580792695282,-1.0,0.04036888564994777,-1.0,0.9138276553106212
457,0.1536471650831526,0.14717443825809673,0.03875742765322789,-1.0,0.9158316633266532
458,0.14943731875343613,-1.0,0.03716664262578431,-1.0,0.9178356713426853
459,0.14534142768620154,-1.0,0.035597361628061625,-1.0,0.9198396793587174
460,0.1413723792872707,-1.0,0.03405041572050807,-1.0,0.9218436873747494
461,0.13754306096246566,-1.0,0.03252663596356092,-1.0,0.9238476953907815
462,0.133866360117609,-1.0,0.031026853417672067,-1.0,0.9258517034068136
463,0.13035516415852264,-1.0,0.029551899143286115,-1.0,0.9278557114228456
464,0.1270201455841164,-1.0,0.028102604200845815,-1.0,0.9298597194388777
465,0.12384039525392937,-1.0,0.026679799650795755,-1.0,0.9318637274549098
466,0.12079595288266806,-1.0,0.025284316553584183,-1.0,0.9338677354709418
467,0.11787213228284045,-1.0,0.02391698596965202,-1.0,0.9358717434869739
468,0.11505424726695392,-1.0,0.02257863895944752,-1.0,0.937875751503006
469,0.11232761164751578,-1.0,0.021270106583415264,-1.0,0.939879759519038
470,0.10967753923703406,-1.0,0.019992219902001677,-1.0,0.9418837675350701
471,0.10708934384801609,-1.0,0.01874580997564768,-1.0,0.9438877755511021
472,0.1045483392929693,-1.0,0.017531707864803348,-1.0,0.9458917835671342
473,0.1020398393844016,-1.0,0.01635074462990595,-1.0,0.9478957915831663
474,0.09954915793482025,-1.0,0.01520375133141106,-1.0,0.9498997995991983
475,0.09706160875673307,-1.0,0.014091559029755936,-1.0,0.9519038076152304
476,0.0945625056626475,-1.0,0.013014998785390659,-1.0,0.9539078156312625
477,0.09203716246507096,-1.0,0.011974901658754325,-1.0,0.9559118236472945
478,0.08947089297651134,-1.0,0.010972098710298842,-1.0,0.9579158316633266
479,0.08684901100947606,-1.0,0.010007421000465136,-1.0,0.9599198396793587
480,0.08415683037647254,0.08360376787954633,0.009081699589699623,-1.0,0.9619238476953907
481,0.08138910075076233,-1.0,0.008195765538445062,-1.0,0.9639278557114228
482,0.07887329287425845,-1.0,0.007350449907151531,-1.0,0.9659318637274549
483,0.07671711645725807,-1.0,0.006546583756259955,-1.0,0.9679358717434869
484,0.07483825321320076,-1.0,0.00578499814621492,-1.0,0.969939879759519
485,0.07315438485552618,-1.0,0.005066524137466506,-1.0,0.9719438877755511
486,0.07158319309767425,-1.0,0.004391992790451977,-1.0,0.9739478957915831
487,0.07004235965308457,-1.0,0.0037622351656269046,-1.0,0.9759519038076151
488,0.06844956623519703,-1.0,0.0031780823234248898,-1.0,0.9779559118236472
489,0.06672249455745131,-1.0,0.0026403653242978433,-1.0,0.9799599198396792
490,0.06477882633328703,-1.0,0.0021499152286885205,-1.0,0.9819639278557113
491,0.06253624327614418,-1.0,0.0017075630970451708,-1.0,0.9839679358717434
492,0.059912427099462366,-1.0,0.0013141399898105495,-1.0,0.9859719438877754
493,0.05682505951668115,-1.0,0.0009704769674274127,-1.0,0.9879759519038075
494,0.0531918222412407,-1.0,0.0006774050903458397,-1.0,0.9899799599198396
495,0.04893039698658026,-1.0,0.0004357554190085866,-1.0,0.9919839679358716
496,0.04395846546614011,-1.0,0.0002463590138584091,-1.0,0.9939879759519037
497,0.03819370939335976,0.03164811074577375,0.00011004693534538674,-1.0,0.9959919839679358
498,0.03154581220421298,-1.0,2.765024391044448e-05,-1.0,0.9979959919839678
499,-2.674499063207257e-18,-1.0,0.0,-1.0,1.0
